"ID" "Y1970" "Y1971" "Y1972" "Y1973" "Y1974" "Y1975" "Y1976" "Y1977" "Y1978" "Y1979" "Y1980" "Y1981" "Y1982" "Y1983" "Y1984" "Y1985" "Y1986" "Y1987" "Y1988" "Y1989" "Y1990" "Y1991" "Y1992" "Y1993" "Y1994" "Y1995" "Y1996" "Y1997" "Y1998" "Y1999" "Y2000" "Y2001" "Y2002" "Y2003"
"1" "Afghanistan" 1938.52177383582 1989.04146661981 2039.04263071922 2087.4050890329 2133.21012113291 2175.61908436873 2213.83036028702 2247.2610634735 2275.46773561317 2297.69150948238 2312.9982725184 2320.01243888482 2316.87820106393 2301.68393444082 2272.7842841479 2229.10337273147 2170.27317952751 2096.72512869011 2010.00754517458 1912.2427553645 1805.76785928051 1692.90664605482 1575.84528917146 1457.13030324933 1338.98671593438 1222.83893811444 1109.31904663752 998.303888606334 889.246158906995 781.675575954111 675.51666126502 570.941141517172 467.627212609856 364.87129558857
"2" "Algeria" 4016.03379719254 4100.32158911955 4185.26963105357 4270.86331527883 4358.17789125192 4448.67598814122 4543.033705387 4640.77519470915 4740.92576031412 4841.60041942156 4940.15395535037 5035.03878162087 5124.99653111501 5208.46021726068 5283.956766408 5350.18667061393 5406.2929015194 5451.68560033883 5486.61787328281 5512.5494958111 5531.15564620026 5544.27549448731 5553.84507784378 5561.78305295496 5570.16595656155 5580.74507327187 5594.41559505281 5611.43203993809 5631.84652047383 5655.32588085625 5681.22784773042 5708.79928503926 5737.46679210638 5766.70005229277
"3" "Antigua" 4459.63535985537 4538.27361622626 4618.68261694752 4703.73376632894 4797.87484638795 4906.34910972615 5035.32906007918 5190.89947090835 5377.59245427477 5598.75625806231 5856.13896701913 6150.64914774824 6482.01342593509 6847.78401439578 7243.35363963157 7664.6856056077 8107.56175319037 8567.35034548174 9038.845948451 9515.05526870363 9990.62975047398 10461.3952063247 10925.1840969421 11380.4408724968 11826.1693679172 12262.9213884501 12693.2432359228 13119.0851811915 13541.7607645222 13962.1603457285 14381.4866252122 14801.177282511 15221.8781305996 15643.0227767463
"4" "Argentina" 10165.3636971081 10166.3482894165 10166.2689094822 10163.5151725888 10155.9251974963 10141.3770350332 10118.8369830343 10087.8266467468 10047.8376464602 9999.40157834737 9943.1618669648 9881.55303792324 9819.16956966599 9761.10258054154 9711.62833997421 9674.926726437 9655.47012605294 9655.97942762898 9678.86878240692 9726.47051655952 9799.99095805349 9897.48272831417 10013.0758773718 10138.9050791856 10267.2064680218 10391.2060429483 10505.8812993631 10606.6646450567 10690.0001495713 10754.8276208366 10803.194071408 10839.2259497891 10868.3716143049 10895.708165906
"5" "Australia" 14721.3606045332 14975.3305821544 15229.1792882643 15483.0485923962 15737.4198533626 15993.8132959953 16253.4503304923 16517.152881312 16785.7303470864 17059.6119967442 17339.4582533463 17625.997257462 17920.248866527 18224.0072448335 18538.0221445072 18862.4394020619 19197.2498611501 19543.143499419 19901.052172363 20272.8606992281 20661.3778513292 21070.6589357333 21504.1679498788 21963.6311838651 22449.0210854167 22958.6552492985 23489.7481900618 24038.7385116347 24601.5185124702 25173.9102522421 25752.6076868431 26335.5155140353 26920.7432623637 27506.8826415881
"6" "Austria" 13099.6669528943 13559.4594547726 14018.2270042687 14474.2725728635 14925.9975820269 15372.4188717972 15813.2825307571 16247.8621653102 16675.6277930329 17097.2239560886 17512.721434658 17923.7896390315 18332.8890884129 18742.4470179085 19154.6657149036 19571.6756592385 19994.7005214664 20424.4418179924 20860.740048918 21302.2053897996 21746.8509760713 22192.9515221928 22639.9642126835 23088.7714132575 23541.3796665969 23999.5196593511 24464.2317065025 24935.5326638854 25412.3387405679 25892.4483739583 26373.4763196134 26853.5886296551 27332.5170829066 27810.8358166165
"7" "Bahamas" 14793.4714464463 14835.114370694 14881.9144813255 14943.8154112981 15033.0307098655 15166.0185952534 15355.6267514127 15605.1837283062 15908.8826315181 16253.1117973119 16619.4004903724 16991.6758858909 17357.445075333 17704.7001704494 18022.1891828025 18300.6716710286 18532.1723458072 18710.3308536397 18830.0014226636 18889.0827063818 18888.5383722409 18837.6492259214 18750.0780271731 18641.6851876811 18526.3249340627 18414.7223799656 18315.6305417028 18234.5436921372 18173.0208302773 18128.5946859014 18095.1300717122 18067.2329461975 18041.9915476657 18017.6588295601
"8" "Bahrain" 13152.8644087276 13793.0006718908 14429.8398940322 15054.8109224502 15652.1300322083 16195.3386660636 16663.2267991929 17040.8207101077 17320.7535878216 17506.7091095731 17608.1937686308 17638.4363454895 17612.8810862225 17546.4087185394 17454.2726599341 17351.9197311042 17254.0613110975 17171.1779246341 17109.6014506562 17071.6514132945 17057.9810980532 17068.2136719029 17102.3057715695 17158.4501370988 17234.8319341078 17335.7295153709 17461.837533827 17612.7768086266 17786.6769275858 17979.858038999 18186.7943188417 18402.1466854918 18621.7394490302 18843.1258978241
"9" "Barbados" 11620.0947337956 11731.7346833931 11843.3649586561 11955.7262510417 12070.6509321101 12190.3838402943 12317.9871591967 12454.8704753191 12599.8952622653 12750.2100124508 12902.4771276353 13054.9867295475 13207.4835070972 13359.29209987 13508.3629786838 13651.4076766071 13785.3169492614 13906.4704030769 14012.6890221103 14104.0768494111 14183.2772754732 14255.599551167 14327.3350316742 14404.9730857988 14493.5346672653 14595.2109170839 14709.9279320967 14836.1749793529 14971.2603010715 15111.7506170232 15254.410663726 15397.0685186553 15539.6312326273 15682.2575751613
"10" "Belgium" 12864.9004074845 13248.2016950578 13630.5122441124 14009.924839392 14384.2217950298 14751.9864655609 15113.1181985324 15467.2584378278 15814.9083843342 16156.787235344 16494.080134689 16828.5145231125 17163.238076021 17501.6458625134 17846.7676314983 18200.4741247284 18563.7462298772 18936.4531793068 19317.2359398042 19703.5920352085 20093.1754720091 20484.4726216074 20877.3491842248 21272.7768710287 21672.4824002258 22077.2300328455 22487.3363214163 22902.7665533848 23322.5021278941 23745.2330527037 24169.2511277535 24592.9684053514 25016.0285949862 25438.6477951332
"11" "Belize" 3588.97433540344 3709.71023031054 3830.07521412914 3949.49116694494 4067.14346780833 4181.98647435236 4292.72487804053 4397.68274240046 4494.27836226468 4579.10567885973 4649.72279550646 4705.09579157858 4747.30899646105 4779.76784905987 4807.67263478989 4837.1600399433 4874.00989397533 4921.72712174135 4982.09845486179 5055.46232890272 5140.83824679307 5236.50275113948 5340.80326243166 5451.56801103142 5566.81422789453 5685.07759519915 5805.78922530373 5929.25859607871 6056.11352683127 6186.87998187838 6321.76692221997 6460.39187615124 6601.60407116185 6743.82304855108
"12" "Benin" 1166.66615218955 1161.99162086385 1157.15613490766 1151.86437838838 1146.02976178608 1139.7597933849 1133.42654181449 1127.45139472107 1122.37888889628 1118.49101339499 1115.73421829982 1113.9345869099 1112.93824247861 1112.53175429207 1112.64152028017 1113.11057648711 1113.84959565636 1114.96642884019 1116.72700260171 1119.42101343196 1123.35304106544 1128.72268845309 1135.63512194319 1144.15606266288 1154.32481118444 1166.13556392349 1179.5066480177 1194.26530769493 1210.21019781299 1227.12526796045 1244.79065248135 1262.97383404984 1281.45900245885 1300.0575806662
"13" "Bermuda" 21563.3347914276 22254.0342655561 22944.8695902061 23635.838442735 24325.831406525 25011.4251488511 25685.4771659722 26340.0423087752 26968.5667927318 27564.8420425419 28122.9081109236 28640.2624104885 29119.0095185711 29560.9534139794 29968.0279042253 30341.6069582855 30681.2445428763 30986.6210723181 31258.6003170743 31501.5469424274 31723.8443453673 31936.8176030276 32151.5330491789 32377.0056560838 32617.2931283821 32872.9258490736 33141.0583833369 33417.0528042279 33695.9416188444 33973.3865372734 34246.3042255548 34517.8967408855 34790.8292973983 35065.4736148739
"14" "Bhutan" 200.027274010005 215.643471321862 231.333929598694 247.222658102171 263.449689994967 280.169199644501 297.516608018202 315.59333478439 334.44354279134 354.042883625364 374.224504615796 394.772179907909 415.543860785435 436.437250507334 457.354508280605 478.229048860979 499.044405183484 519.732538535997 540.223005718434 560.617563784373 581.062588923095 601.776308939421 622.989802865864 644.924617112587 667.72624790759 691.424016786091 715.918993238538 741.032574363416 766.512761826112 792.223541681105 818.085988953309 844.074673188434 870.189356784808 896.396699357788
"15" "Bolivia" 2746.74488182822 2776.13835236101 2805.01194518923 2832.3563824774 2856.78477077708 2876.78923793364 2890.83968361548 2897.59519189619 2896.25621314032 2886.76263973267 2869.6400287752 2846.04195652053 2817.64381289933 2786.631753701 2755.43502618267 2726.21635521721 2700.83955036206 2680.7589820366 2666.7889612843 2659.30061944355 2658.30984444952 2663.57619718877 2674.66898543676 2691.04323897595 2711.97339287522 2736.633023106 2764.20061340755 2793.92254421136 2825.13070466538 2857.28606355706 2889.98411141217 2922.96540859759 2956.06852095168 2989.21340579129
"16" "Botswana" 1167.65799166985 1334.22812527445 1500.83938639987 1667.59331200376 1834.72168232775 2002.49682658348 2171.29441277675 2341.90327734692 2515.2719444514 2692.62180480423 2875.31948675832 3064.81536265458 3262.28231136702 3467.78197461301 3680.90556458149 3901.0353782749 4126.81197503421 4356.68703150468 4588.59141764402 4820.30089008117 5049.26217940093 5273.92642396294 5493.60793617831 5708.72078214825 5920.86204938353 6131.92990993954 6343.77878399822 6557.75366596665 6774.60560729192 6994.97401075622 7219.08167012347 7445.46183388074 7672.74116233978 7900.40332847762
"17" "Brazil" 4397.92499754538 4603.78755847567 4808.59468416209 5010.40666146461 5206.77198878275 5395.38527786239 5574.11636572747 5741.05137970724 5895.09888846666 6035.75433197142 6162.87136846602 6277.02855711505 6380.07081591192 6473.88371820728 6560.07811906198 6638.99155549134 6709.70080296306 6770.97267530608 6822.09753934195 6863.47569870394 6896.14939742698 6922.34373329925 6944.12849561532 6963.23641683655 6980.70348093525 6997.09195134164 7012.95379553361 7028.58602611067 7044.13816993352 7059.76328529757 7075.41483607342 7090.94111616839 7106.48587589964 7122.2360347939
"18" "Brunei" 34206.9221756585 34971.0470393412 35726.9956250847 36457.1473998516 37135.8843790416 37732.049642055 38210.6135998441 38528.9255317565 38649.1337656401 38545.1271930132 38206.0586259801 37657.0109311626 36945.3605586176 36114.3881810739 35203.182107364 34247.8368283675 33281.4274021957 32332.394689889 31422.1820264823 30566.6002827857 29776.5336170432 29057.0980442918 28409.3877080258 27832.995164129 27324.8352742148 26879.0020119865 26487.3890154619 26140.3066226288 25828.7404389362 25545.4798282766 25285.6067309453 25042.7670026668 24810.1722923382 24581.72126385
"19" "Burkina.Faso" 672.706751195377 679.765677106422 686.870919289479 694.042766848792 701.368431815384 708.929501053156 716.806719571467 725.042657127046 733.622207927694 742.535895963393 751.698294879305 760.959784530684 770.162681285588 779.232037850746 788.179553729673 796.986886256257 805.518780930064 813.611698010017 821.118748502715 828.021673894732 834.466005176384 840.718114803251 847.031797942973 853.72653545118 861.146174313646 869.578924302516 879.296446829152 890.459133344159 903.079757181069 917.054520515053 932.115778778332 947.978637026837 964.360930819554 980.973945747901
"20" "Burundi" 786.510392121596 798.729315290604 810.996794304309 823.378852744179 835.869622605923 848.469061078389 861.073174243912 873.458672582128 885.380757337065 896.716007096296 907.41268730405 917.455699111817 926.798216702824 935.432770087522 943.298810809603 950.200376112541 955.727246537783 959.4041284865 960.708100418514 959.066751997433 954.137827885818 945.620695366238 933.493581151544 918.123273216174 900.302321831686 880.8346275366 860.393892114852 839.576804206542 818.748416271478 798.072741533956 777.617235452589 757.513100057159 737.694603638814 717.99038276356
"21" "Cambodia" 979.486225523001 924.735183572184 870.252614057559 816.544212956388 764.32258658579 714.166637980492 666.527383183756 621.803930393895 580.43985285126 542.766806095217 509.093540033006 479.60452680663 454.357075133005 433.350987612035 416.536312005789 403.813715232307 395.041330504613 390.016826497652 388.440187785106 389.903372649415 394.021725728552 400.410191753871 408.669737217402 418.432901306793 429.400011916644 441.343779913293 454.134830783283 467.651655763376 481.794748188373 496.488895828669 511.633305559187 527.07780689028 542.6779121934 558.332269497776
"22" "Cameroon" 1765.51940791284 1842.66049015816 1920.25992088369 1998.90585109427 2079.1281497425 2161.31556215327 2245.68417777708 2332.01925740909 2419.51432189998 2506.67272995693 2591.11972723236 2669.7549130538 2738.92937068071 2794.82830158989 2834.51025333146 2856.23155470156 2859.418313363 2845.19777584183 2816.31331938071 2776.15447153267 2728.50662305232 2676.9706532654 2625.06563619006 2575.96249121125 2532.25202537347 2495.80030399318 2467.5214148234 2447.41092835719 2434.67107430054 2428.08823003853 2426.24524977051 2427.64398262073 2430.89998183901 2434.85063546861
"23" "Canada" 14658.6526549488 15058.6171602404 15457.3579763947 15852.9001313736 16242.8117281982 16625.2539170611 16998.6976413344 17361.4432945976 17712.3083638267 18050.8933052615 18377.782756732 18694.8543378051 19004.7627811559 19310.9360761148 19614.8065150597 19916.1341551779 20214.5022198692 20510.2686896452 20804.5200319683 21099.9597700762 21401.7649346273 21717.5928368543 22056.0257156535 22423.6840178292 22824.3063633965 23258.6690148258 23725.881241179 24223.4251964812 24746.4176191543 25288.6866671292 25843.3312517886 26404.4014028477 26968.3906568921 27533.1585745002
"24" "Cape.Verde" 1950.18337433997 1952.67681469494 1955.54098011406 1959.49350187474 1965.75196730411 1975.62872847461 1990.72111129043 2012.30932158455 2041.41949491175 2078.79442377282 2124.8208574313 2179.49257859128 2242.31523181329 2312.48236646134 2388.85191231997 2470.4295502575 2556.48038311151 2646.89232159389 2742.07344120878 2842.69250315631 2949.89500903362 3065.13564392994 3189.64778616191 3324.36128143635 3469.64719924469 3625.50193662475 3791.02436436625 3964.97366766734 4145.43858856526 4330.32162392808 4517.60113165246 4705.64609757524 4893.98989345411 5082.42681205286
"25" "Central.African.Republic" 1022.54339089221 1026.46547350138 1030.62670363332 1035.15096327705 1039.94029233749 1044.7143601114 1049.04732733965 1052.38013808788 1054.08364185335 1053.62085628811 1050.86596718958 1045.94099446445 1039.01744385144 1030.30450185311 1020.0678658624 1008.4070556176 995.436626692355 981.306285271268 966.260419972205 950.564453074855 934.596251808978 918.906772271646 904.224499680409 891.419787347137 881.069501684501 873.436904961801 868.535545394129 866.22300353417 866.112334271125 867.650697610359 870.177936996561 873.178462380392 876.323994095022 879.49016679267
"26" "Chad" 959.598281491638 939.06804828056 918.616794465752 898.451873197786 878.733971991065 859.458324477 840.674216132025 822.76299617138 806.392692194975 792.360563087291 781.584187877325 774.66169193635 771.799171415953 772.808168087873 777.119006995313 783.951642161257 792.379293291198 801.683414260227 811.251034535208 820.432885647353 828.753719441538 835.935122823516 841.710677175443 845.909103922409 848.509557746572 849.56799057028 849.167879471515 847.516678376833 844.822194639114 841.251152915293 837.042358475708 832.534851008408 828.048827130255 823.712318605588
"27" "Chile" 6118.31337242313 6073.24014473328 6028.28351111237 5984.96313451751 5946.04336537803 5914.62293003697 5894.2570856739 5886.74656714334 5892.27377433559 5910.4257269731 5941.10333634249 5985.54016866294 6046.80435156278 6130.34080174867 6241.22955929838 6383.2659590353 6559.16068788458 6770.15480887376 7016.04507756069 7295.20550773103 7604.76242622653 7941.20758961963 8299.87883441719 8675.14088890202 9061.39328927091 9453.21248949836 9845.32147333571 10233.5864863106 10615.5531877672 10990.805525834 11360.5065606702 11726.1859036201 12089.5473696265 12452.1317038733
"28" "China" 420.84455324002 447.521841825066 474.397086877013 501.884295458196 530.552267963762 561.119892875209 594.383402454127 631.20851845492 672.45419357585 718.941336694049 771.479271752705 830.888991803274 897.940361842829 973.332700138934 1057.74180877954 1151.77130957728 1256.03309232278 1371.09633728279 1497.62210724321 1636.37774864673 1788.10790116797 1953.20957785988 2131.80398302255 2323.62426601137 2528.0308404742 2743.90378714387 2969.936292152 3204.71734866239 3446.72239735843 3694.48855380187 3946.62275531105 4201.72299431982 4458.52526587374 4715.96375803258
"29" "Colombia" 3581.72701126059 3690.15911643023 3798.30835932172 3905.72062336584 4011.90212684504 4116.43164673339 4218.95697843782 4319.02819224845 4416.12656225928 4509.60653183372 4599.1657094295 4685.02876792478 4767.97894292415 4849.13231461238 4929.59368356694 5010.15205757876 5091.23950897986 5172.8630097083 5254.7614661797 5336.55508078542 5417.80904875134 5498.06510485141 5576.92610498768 5653.89650180008 5728.34845616607 5799.50996570861 5866.60028166025 5929.09247708925 5986.91212885973 6040.6274416431 6091.25700603861 6139.83037754139 6187.34816388149 6234.5166505951
"30" "Comoros" 1662.83220712998 1690.24096307483 1717.64387875185 1744.93670248554 1772.24549690349 1799.43136937712 1826.03840478554 1851.92203508446 1877.01495396761 1901.03120254099 1923.45215027571 1943.68626313653 1961.05422346248 1974.8640161848 1984.54917242604 1989.59400226829 1989.2953816126 1983.02459760432 1970.39842143478 1951.2281908013 1925.65363434762 1894.04768074046 1856.90169556069 1814.88564143731 1768.68388876044 1719.07821056658 1666.91835842034 1612.91727460994 1557.7261487775 1501.90392887866 1445.86153399708 1389.84421064426 1333.87950199667 1277.9161579542
"31" "Congo..Dem..Rep." 1518.04569658844 1480.44452135981 1442.59618438972 1404.28504313328 1365.32091958465 1325.84629588016 1286.28817460716 1247.19018986332 1208.91471930978 1171.62539488302 1135.30712872124 1099.92964622546 1065.50944297487 1032.05952668311 999.257634781365 966.671799909135 933.769272893954 899.987727813587 864.895809188561 828.209304819871 789.800997635542 749.683790876548 708.330413589772 666.569491994908 625.195301102675 584.736620893806 545.524795521274 507.674563910821 471.157606824385 435.875857839124 401.71891251514 368.509601942934 335.964327881719 303.748453860851
"32" "Congo..Republic.of" 1186.15198402652 1284.80285138242 1383.57528952826 1482.8957848755 1583.21386386182 1684.92513946267 1787.93339024387 1891.71412142258 1995.24010849035 2096.72123763516 2193.56157827378 2282.64792072889 2360.60612237747 2424.74335454471 2473.49740999983 2506.31808387568 2523.72786428015 2527.00144611139 2517.4407578569 2496.12853438887 2463.91040543485 2421.39758813643 2369.6565181216 2309.62091629801 2242.58026927802 2169.31733938323 2089.89754876206 2004.36538921446 1913.02373366847 1816.7601770791 1718.0504193172 1618.60885831091 1519.07024144007 1419.53565218876
"33" "Costa.Rica" 5994.59383528869 6060.94435902927 6126.46223593164 6189.49866850998 6248.06547618868 6300.08977222084 6343.65912141909 6377.0100599155 6398.60026403862 6408.04630746718 6406.56821371982 6397.14812754651 6384.18615891294 6372.67890346592 6366.73438670497 6369.45938587096 6383.54801973799 6411.09689486547 6453.6529445135 6512.19221370498 6587.13818910155 6678.46070758056 6785.53979329665 6906.78057563547 7040.11299324944 7183.45831410189 7334.89518992304 7492.71298440785 7655.02502877645 7819.74898603797 7984.98479437961 8150.09297377345 8315.32525670564 8480.82186397789
"34" "Cote.d.Ivoire" 1951.76728571001 1979.06221227077 2006.26039411726 2033.35695000452 2060.3593804523 2087.10165110536 2112.99586565731 2137.40246567399 2159.8278308071 2179.81738179418 2197.32056904572 2212.73328326775 2226.12093874366 2237.1775835487 2245.83035441123 2251.90185535075 2255.04039400075 2254.81911010633 2251.01564817757 2243.52525094932 2232.31029153595 2218.15965942449 2202.16406537309 2185.39357474139 2168.87015197555 2153.3562893349 2139.07981644883 2125.90314697339 2113.50791052351 2101.47504234669 2089.4329846641 2077.19381884106 2064.77519053125 2052.2731520912
"35" "Cuba" 2334.47613229386 2547.3068739602 2760.98808679582 2977.03086128506 3197.2139104453 3423.11333439072 3655.47982820935 3894.33606290327 4138.75810215404 4387.22994923593 4637.63878466785 4886.82210284563 5129.39596320341 5358.93699541822 5568.74154475908 5751.79345900647 5900.51706407898 6010.31040824767 6079.5356488734 6109.36412454643 6103.86919523483 6069.91852434528 6015.9342252964 5951.63647094594 5886.0750500884 5825.79112459093 5775.13060319543 5736.32275758237 5710.07167842419 5695.4720999994 5690.25449864043 5691.59763742972 5696.70118745311 5703.26700945288
"36" "Cyprus" 4728.69739146541 5006.64390119461 5286.06279394516 5570.62578073539 5866.25493634878 6180.60437336699 6519.77655978081 6885.98639514759 7279.22428237524 7698.76387938377 8143.75310863731 8613.4973999015 9107.66572142038 9625.81946793824 10167.1792678958 10730.551521314 11314.164299044 11915.3548331337 12530.2036923833 13154.3560460102 13784.4667365009 14418.3105437269 15055.7712532183 15697.2663441461 16344.113532548 16996.2716586015 17652.3455361528 18311.6941449014 18973.6284782064 19637.007516565 20300.4403417784 20963.0545243568 21624.3684839556 22284.9948539197
"37" "Denmark" 16601.1590514148 16841.5312281589 17081.5708322745 17320.7787255626 17559.5638627436 17799.958651724 18044.1029982534 18292.6399614521 18546.7667079448 18807.9404694525 19077.9005309263 19359.3490361439 19654.8408375555 19964.9738050209 20288.9538438061 20624.7148246646 20969.9457337403 21323.1057201153 21684.7437435377 22056.542336955 22441.035113956 22840.6931697871 23257.3875894098 23691.9395323611 24144.0099942045 24610.6105616725 25088.0315190124 25572.392641567 26059.9039658816 26547.5707468978 27033.1619621422 27515.3275522744 27994.7027555486 28472.8219938381
"38" "Dominica" 4055.56098624226 4046.38307692652 4038.02926439517 4032.64249599029 4033.73014564298 4045.51761104434 4071.71493602138 4114.84366537351 4176.87365331005 4259.40814937693 4363.92571398677 4490.35770617877 4636.32023895715 4798.93727431068 4975.35006638076 5162.94293912299 5358.86672707703 5559.92089743473 5763.43013557024 5967.56117086413 6171.24127460804 6372.85987416647 6570.83666146737 6762.92313275328 6947.8379926131 7125.04307855381 7294.11200760087 7454.29890433338 7604.96545181139 7745.70216558416 7877.31279657139 8002.00177252885 8122.77236022085 8241.8530729804
"39" "Dominican.Republic" 2867.98072667219 2969.06221753845 3069.87674658803 3169.9225487104 3268.56472017857 3365.32324339376 3460.05318195676 3552.58275210986 3642.65551189046 3729.9122297057 3813.77066168298 3893.35632887544 3968.06592493201 4038.08742692943 4104.51600238212 4169.36208748717 4235.2180139357 4304.74573295015 4380.69233996808 4465.86041134471 4562.92186558529 4674.31898541677 4801.42380965209 4944.39134514068 5102.83404445781 5275.95597881591 5462.50739456628 5660.53411411317 5867.73726912441 6081.63815673254 6299.92857039731 6520.52734793663 6741.84692424241 6963.00698458672
"40" "Ecuador" 3030.49699184904 3221.61280899794 3411.80554616721 3598.81437235475 3779.28011744301 3949.87323788357 4107.5025983344 4249.28911485877 4372.8871270241 4476.75103361066 4560.16305183118 4623.26996081435 4667.16619030928 4693.92331166304 4706.25554499695 4706.83995715315 4698.31368486128 4683.24706195814 4664.17539106832 4642.56254666156 4619.6995282299 4596.38500914876 4573.00095022294 4549.6901127344 4526.42769283954 4502.96890966291 4479.02968284697 4454.37977126003 4428.92178506327 4402.87947198972 4376.63432780977 4350.4102771138 4324.27576442271 4298.21996681458
"41" "Egypt" 1744.39851940766 1805.59977197412 1867.17028949206 1929.73447548302 1994.19496324483 2061.31294688658 2131.61407610929 2205.04221574671 2281.31696644237 2360.21472505039 2441.40693675882 2524.50204094307 2609.43580413663 2696.20726777066 2784.81198376599 2875.29120962398 2967.69657463661 3062.04664082179 3158.33330776083 3256.59581143301 3356.78666729818 3458.88119528761 3562.92391591436 3669.05990470322 3777.44111113923 3888.01397019565 4000.44981481792 4114.09175852596 4228.53981630266 4343.3457249846 4458.12054111759 4572.67946918499 4687.03199206735 4801.27959097229
"42" "El.Salvador" 3913.25542874994 3930.85276035356 3947.9187961353 3963.32832937241 3975.66057735179 3983.41565128691 3985.12466169787 3979.72109647653 3966.87937961054 3947.24895659632 3922.8332044813 3896.49088542139 3871.25769181132 3849.86278158224 3834.4904696858 3826.72593436968 3827.74576420734 3838.50431293632 3859.65382013366 3891.55375409403 3934.18625281179 3986.95480414604 4048.72202757387 4117.78845906201 4192.13589950824 4269.73018641268 4348.7285090267 4427.79353888563 4506.04644500223 4583.06641979204 4658.7462460581 4733.29365780398 4807.0998424181 4880.58345514435
"43" "Equatorial.Guinea" 1556.09986634884 1606.65590799624 1656.35298497777 1703.37977285756 1744.89412348731 1777.38282278657 1796.85087636617 1799.98815827997 1785.23867289092 1753.38337166628 1707.08478089106 1650.04816292111 1586.63391316007 1521.79327210426 1461.22926496711 1411.32718978178 1379.17418116902 1372.63685102512 1400.08592204345 1470.07712853981 1591.5896037749 1773.65118843807 2025.31760795923 2355.1286525472 2771.12511864089 3279.35505454787 3881.28018170404 4572.74376290902 5343.9512615081 6182.87311443936 7075.30160873708 8004.87799664941 8953.79162415271 9906.93876973168
"44" "Ethiopia" 495.258904379016 494.01203784401 492.723816223056 491.341153185596 489.822770210517 488.154494793738 486.347520780654 484.415968654675 482.39842427226 480.34781239323 478.311433841727 476.369022235908 474.667876034329 473.452386539952 473.041369190656 473.87160428297 476.362134790444 480.900383550924 487.842005740277 497.250275550495 509.126213859216 523.300215930205 539.489289392578 557.195298935626 575.952173550157 595.383908079641 615.163504058673 634.994351901648 654.655922062814 674.011913041667 692.961222557544 711.524998547178 729.805398815909 747.934234772708
"45" "Fiji" 3421.48579717543 3514.88390782074 3607.57353872312 3698.28752812007 3785.38873665229 3867.85842564019 3945.00789406253 4016.26896033399 4081.17942438407 4139.30338024147 4190.2730021239 4234.93600679847 4274.82491327699 4311.69423980426 4347.39069084191 4382.98029550205 4419.46766316966 4458.103862991 4499.2390664544 4542.38887764068 4585.64878621458 4625.93623714668 4661.62626669206 4692.51403501293 4718.94868635476 4741.22860387549 4759.72947151717 4774.85727371217 4787.66026821407 4799.19234209215 4810.44633974518 4822.11185746667 4834.2822454508 4846.63467474805
"46" "Finland" 11969.5098518489 12338.8427328354 12707.7619141923 13074.9326294579 13438.9272723849 13799.0876401526 14156.3802967592 14512.3008871024 14867.2946478382 15220.5629209047 15569.3784391205 15910.349818002 16240.5643219676 16557.4519408909 16859.0419288404 17143.8745400324 17411.2319988613 17660.9786033712 17893.5585116091 18110.7823726136 18317.6257966444 18524.5192380293 18745.807386605 18995.0686391126 19282.303983827 19612.0145574254 19984.1326391252 20395.1143017502 20837.9248490267 21304.2910239264 21786.5289872984 22277.6581624322 22773.0833651487 23269.7988008631
"47" "France" 13653.9093294638 14021.6599214227 14388.6822350579 14753.8964747422 15116.2394792608 15475.4729512119 15832.0164144957 16185.5878656343 16535.8872601136 16882.6524337552 17225.9316767308 17566.4368856274 17905.3160578403 18243.6434060507 18582.7389752952 18923.7329245953 19267.1066580342 19612.5736048838 19959.3096677706 20305.9623303091 20651.6959219444 20996.9938662957 21343.9498821774 21695.6535362383 22055.9521204214 22427.4938028294 22811.751028764 23209.1683015195 23618.4670593186 24036.76490213 24460.5605497743 24886.5245323166 25312.7873234477 25738.8616205274
"48" "Gabon" 18401.2173497039 18431.0392950592 18450.9377045404 18442.1435990353 18383.4049776709 18254.1318680762 18040.5774504361 17734.7053702656 17355.2937494532 16931.1418689621 16485.1619828816 16034.4338956287 15594.1877766632 15174.8317032058 14783.4614230355 14424.3005596735 14099.9756080832 13812.0815518288 13559.9152879544 13339.9148446245 13145.5774917837 12967.8251997651 12797.3316976722 12625.3558466092 12443.3412184361 12243.5696953964 12021.3159566875 11774.9210872682 11505.9022247057 11217.8941638491 10916.5585164854 10607.3040414925 10294.3451689566 9980.33942411038
"49" "Gambia..The" 928.41331201199 931.045839482701 933.665274873382 936.178500480296 938.343559712523 939.884875352943 940.539868135152 940.232354354367 939.023086660465 937.151753067437 934.848196722624 932.181273540699 929.102325219525 925.467632623117 921.246105902439 916.503570926899 911.322959951146 905.756150202516 899.913353258463 893.925362595937 887.969594333741 882.287056109188 877.180105673759 872.971182738658 870.014553925909 868.661269600684 869.161141143346 871.524185285252 875.555908679902 880.852016917585 886.904658891887 893.317528179101 899.861703683292 906.483059763075
"50" "Germany" 13671.6493780541 14011.3771510735 14350.7902781478 14689.4640929541 15027.3691784743 15365.4781249578 15704.6875272078 16044.6994847151 16385.0216731527 16725.3360194815 17065.9246339797 17408.6720418767 17756.6815218171 18113.2003673406 18480.3304981826 18859.0358131599 19249.315847344 19650.0248537735 20059.1026133686 20473.184144915 20888.0981031651 21299.3457450089 21703.4045720787 22098.826544144 22486.1105220442 22865.9194477584 23239.2654869606 23607.3607867053 23970.9985728298 24330.5128217043 24685.9736957672 25037.4181079026 25385.8213867551 25732.8639631996
"51" "Ghana" 1191.7501205441 1185.08711698323 1178.048324121 1170.11889061359 1161.41869755688 1152.38281632022 1143.64130127906 1135.63856476804 1128.62203136864 1122.39391955037 1116.88796095436 1112.20779292284 1108.51390114566 1106.01113908037 1105.08595693165 1105.96477930647 1108.80924791948 1113.55163778708 1120.08657605584 1128.25337377789 1137.93127981519 1149.05788834529 1161.60888984617 1175.57624232497 1191.03636581421 1208.11255874059 1226.86774736628 1247.4049668066 1269.82175030844 1293.91544595169 1319.32195019047 1345.49426686401 1372.06759668607 1398.74492195324
"52" "Greece" 9134.25326755829 9378.62933764185 9620.76925705652 9857.0976985393 10084.2310426845 10300.2299833402 10502.1766467477 10686.9435041899 10852.1285353329 10996.0348935823 11118.8366960054 11222.7771374355 11311.7306134658 11390.2131243462 11462.6741937926 11532.8565027103 11604.0271415199 11679.3743893854 11761.8640601168 11853.3202365509 11955.3579363741 12070.1350366812 12199.9301997265 12347.5477951721 12515.9238046813 12706.948887929 12921.3407750787 13158.522831574 13416.5750559207 13692.5534445458 13982.7322337365 14282.8620586685 14588.6926889334 14896.7480889757
"53" "Grenada" 2969.0019647267 3022.38672464049 3075.88766964245 3129.68868025919 3183.98849784316 3238.9657355462 3294.79360702553 3351.64159934951 3409.63799856892 3468.89944298618 3529.93650490728 3593.09474228076 3658.74368679288 3726.5853027742 3796.04369708828 3866.49325659178 3937.94827189861 4011.65719198122 4090.18941488229 4175.23565391458 4267.81803135361 4368.46206384015 4477.53044018654 4595.26082979556 4722.01878521951 4857.82213818619 5002.09172821037 5153.83420396133 5311.54190503787 5473.35051702882 5637.64227826048 5803.03145451654 5968.77880638505 6134.54157431777
"54" "Guatemala" 3333.55926461027 3382.5083345156 3431.00333450941 3478.09454409389 3522.77032118493 3564.03608408822 3600.87323180647 3632.23283963218 3656.97810677833 3674.1592368588 3683.09421647057 3683.74202761843 3677.021941016 3664.54076405787 3648.23821653609 3630.15209358255 3612.2098307878 3596.09253900845 3583.14678602413 3574.24027276696 3569.89544870397 3570.3941106203 3575.84381942933 3586.15598201788 3600.9202782242 3619.53248318148 3641.25188382738 3665.30861764158 3690.9886691442 3717.55011806127 3744.38130194594 3771.13616480621 3797.75636439522 3824.32777205409
"55" "Guinea" 2394.76006163136 2397.3637372876 2399.77827378976 2401.75540789055 2402.88547890819 2402.53067464118 2399.99483044076 2394.57135197155 2385.95398857209 2373.93562695096 2358.63528634534 2340.39526192501 2320.0251203939 2298.64369205113 2277.75517864483 2258.86080244299 2243.17536376701 2231.53467393217 2224.53263384433 2222.54993422453 2226.03802995919 2235.47506759916 2251.26531437043 2273.61862357994 2302.58729074875 2338.05688958894 2379.48073808573 2426.11994450036 2477.09435424887 2531.43873738603 2588.35200933101 2647.08782540951 2706.79426542387 2766.80323011296
"56" "Guinea.Bissau" 682.736291731982 679.592328739096 676.466662866881 673.374599239159 670.203999772583 666.740353735713 662.753193522673 658.248860018249 653.374649023423 648.397056239127 643.577139368737 639.193955400032 635.181050297367 631.463225786598 627.955710967838 624.575749451731 621.307736671506 618.146974536759 615.121905965407 612.265050689028 609.580090399284 607.137641436116 605.088972238465 603.677159016684 602.768188150527 602.07142249721 601.347388768569 600.430263120199 599.318288460773 598.186923691164 596.943415366093 595.357381006052 593.612082493119 591.844059331856
"57" "Honduras" 1921.62493030713 1958.08893287052 1994.36829010813 2030.38149511203 2066.247788749 2102.20339139806 2137.97149071632 2172.91911938244 2206.31298909825 2237.32708351715 2265.24497206978 2289.598053228 2310.01288878348 2326.40369439484 2339.02350199871 2348.17112679577 2354.04343698168 2356.84184168511 2356.73629019228 2353.96430618521 2348.82375187043 2341.84022168899 2333.58161395229 2324.5241379175 2315.21512455689 2306.21628424797 2297.72301055683 2289.69987058895 2282.07679042343 2274.89003596286 2268.30286613383 2262.20077577296 2256.39764130158 2250.69695145158
"58" "Hong.Kong" 6302.60809017309 6950.12929821643 7599.36484153433 8253.34203290583 8916.19759975611 9593.4291869281 10289.8414910153 11007.895556644 11748.2175827129 12510.7033867289 13295.2323522424 14101.2555943369 14928.3021447152 15776.1378135943 16643.3594733294 17526.5498817419 18420.6051504695 19316.8071339459 20203.9167687285 21070.7885135397 21907.6580326804 22705.0252266673 23453.6292384355 24145.4274828537 24774.9827191941 25340.537500522 25844.9552556048 26294.9607519583 26700.5593339596 27075.8136916057 27431.7527890587 27775.1099587519 28112.1295311457 28447.1706943037
"59" "Hungary" 5963.56541646079 6238.4578414255 6512.75448134906 6784.94318458675 7053.27839104048 7316.2522136507 7572.35950713025 7819.89301865785 8056.9677286444 8282.11735645413 8493.44736337968 8689.66564107255 8869.5030057758 9031.9145588798 9176.38342376046 9302.80690089653 9411.83001545734 9504.72685810996 9583.66441898285 9652.43715105918 9716.70672377467 9783.81759118737 9862.03969304591 9957.72833562095 10075.1713452005 10217.6155404837 10386.6395340563 10582.1120364033 10801.9231431742 11042.5071781777 11299.3022648645 11567.1964312398 11841.2868246468 12117.6236813503
"60" "Iceland" 12019.2735319186 12638.5524165544 13255.5946448604 13868.6016069654 14474.9213138861 15071.8429026217 15657.7490718869 16230.0314106394 16783.8212751578 17314.3206256935 17817.4356268103 18290.0909440079 18731.0625662187 19141.2773975153 19523.2024505545 19878.1499844995 20206.7047373871 20508.8662522928 20785.6828579487 21042.4227049561 21287.1883667714 21529.7363000888 21780.9433356853 22051.6337485879 22349.7243304842 22679.4768561906 23042.2320046969 23435.0736003528 23852.200712496 24286.3192014635 24730.5029033109 25178.9087235903 25628.3538780954 26078.481715811
"61" "India" 1090.42890126537 1112.75936095595 1135.24982964336 1158.24584342206 1182.15195131238 1207.3847529761 1234.22100044673 1262.86530462533 1293.44730441184 1326.06976219465 1360.89205410111 1397.97026235308 1437.33282203717 1478.99304058412 1522.93903411957 1569.10152341769 1617.40089741735 1667.7868912489 1720.24756729911 1774.85656222667 1831.84818702199 1891.62290001992 1954.74456908777 2021.71452859278 2092.88928397947 2168.40322037091 2248.09859443018 2331.65630251946 2418.58917476485 2508.19114728614 2599.62928501621 2692.28322901975 2785.64317389887 2879.27933793315
"62" "Indonesia" 1369.37203032046 1439.40144699229 1509.20540233831 1578.37101466526 1646.49807677399 1713.47463767873 1779.36184220173 1844.27160907109 1908.52608440937 1972.78220731647 2038.09324868125 2105.74694812431 2177.14279489452 2253.60376662045 2335.91096369342 2424.45127608821 2519.38592212039 2620.34996441525 2726.47296104284 2836.37481016214 2948.38639552952 3060.72978487596 3171.54962019362 3279.14710001244 3382.17748881191 3479.76564257148 3571.51983079855 3657.58667939412 3738.95155068217 3817.3510280382 3894.18438896103 3970.29645437935 4046.22623699946 4122.15319114171
"63" "Iran" 7246.32145685294 7150.57691562003 7051.208688245 6943.08402679664 6821.31581212319 6683.15097050584 6527.27010594549 6353.31320726679 6165.28007052952 5968.8007100253 5770.61427061941 5578.34397115207 5398.76872778694 5236.10708775983 5093.02977598707 4971.57868166557 4874.10974880231 4803.56496295008 4762.15905078965 4750.80030784446 4768.67659126093 4813.06273316591 4880.36119370806 4966.49276120315 5067.82496998268 5181.16339347513 5304.40686168401 5435.64632762919 5573.14457592628 5715.11533462184 5860.07410057262 6006.7888072988 6154.49101806913 6302.43248213413
"64" "Iraq" 2119.6937990784 2198.50131496265 2277.0182828492 2354.70417370296 2430.06994203168 2501.0836411589 2564.99233380305 2618.34738882968 2658.3557910198 2682.56864143239 2690.10240839886 2682.50710189703 2663.07279763372 2633.46563281104 2593.98374813698 2545.37046473752 2488.43971311829 2423.59321862309 2351.58249631291 2274.66529370219 2196.72719406458 2122.74946218948 2058.56714663112 2007.03298486328 1968.72315099314 1943.32577166572 1929.74623364858 1925.39007503008 1927.7769635645 1932.96306231851 1937.50940519989 1939.75191421062 1939.29611008968 1937.0716712905
"65" "Ireland" 7970.88798987464 8177.60647661847 8383.77879863762 8588.29591126584 8790.16862959032 8988.99644692006 9184.8381779901 9377.73563991816 9567.62964037701 9755.26973218959 9943.25905157793 10136.4013679336 10341.1800980192 10565.8196976774 10819.5069325061 11111.3590063586 11450.3646057574 11845.1945672087 12303.3467657046 12830.8856423189 13432.4654887113 14111.7810024358 14872.6019148244 15717.5777172032 16647.1486136111 17658.1687012941 18743.5233009641 19893.1659015798 21094.6253488475 22334.8173462194 23600.4787287759 24880.4842132316 26167.0762044792 27455.6465393784
"66" "Israel" 12486.1673915501 12699.8928749076 12911.0410897863 13115.90350552 13311.211168718 13495.8451497261 13671.0003834678 13840.3653969928 14008.2950438919 14178.2786042633 14353.8221080957 14538.852926367 14736.4511097849 14949.7996367412 15182.0049778533 15436.3236746465 15714.7888762018 16017.6190924132 16343.6266059847 16692.0652018888 17062.0174335832 17450.613546521 17853.6727525711 18266.2955047364 18683.1419516382 19098.1976231358 19505.8008742097 19901.6934282825 20283.673779091 20651.0579143017 21004.4028121331 21345.044976018 21677.402152359 22006.5314326183
"67" "Italy" 11448.7500103927 11832.7111674256 12217.0317194326 12601.7858184691 12986.5155472919 13371.0915266117 13756.2587857711 14141.6930352959 14527.0207587477 14911.4479445997 15293.9105494284 15674.0439399486 16052.5621940017 16430.4707420792 16808.3106966874 17185.6239509778 17561.1351013598 17933.0351293654 18299.1249112735 18657.1876655393 19005.8316958399 19344.9462641885 19675.7354933588 20000.495325464 20322.0504488839 20642.1872961846 20961.83898881 21281.6786149635 21601.7840353767 21921.8519917434 22241.3476581694 22559.6010012807 22876.5566485583 23192.8393424796
"68" "Jamaica" 4674.29855176299 4610.39799979636 4545.83640395032 4479.67140734597 4411.79845109455 4343.0492660389 4274.91737539417 4209.16884096036 4147.76475884903 4092.82846256932 4046.69465973324 4011.53137754639 3988.71153081503 3978.98274790156 3982.47903509133 3999.16849304995 4028.5586163553 4069.20742685263 4118.6516963463 4174.17021457354 4232.78269253072 4291.68348192777 4348.5988984933 4401.57278150109 4449.24028872869 4491.0897812499 4527.27170591671 4558.41369712796 4585.35459401772 4608.93912472722 4630.24901166267 4650.19701641845 4669.42237355977 4688.38773611081
"69" "Japan" 11341.2443225962 11746.9055267588 12152.5275826149 12557.9203580411 12963.7537919575 13372.7025048891 13787.465917881 14210.2286982159 14642.5339308821 15085.3152591222 15539.3949088516 16006.1074778378 16486.7367315764 16982.1636993682 17492.4237736852 18015.7768627509 18548.4132678546 19085.0694506287 19618.785949536 20141.0600694128 20643.5154802214 21119.0118242506 21562.9004325888 21973.4543917636 22351.0285672212 22696.9349909284 23012.859295934 23300.9363728093 23564.789906386 23809.6471755635 24040.7792269755 24262.5923718166 24479.3173807141 24694.3974983657
"70" "Jordan" 3811.40180845188 3837.35879860033 3864.41035372766 3894.11383731622 3928.54031346407 3969.53150292597 4018.22217992303 4074.00572116901 4135.18023667791 4198.31614366077 4259.65072398696 4315.49379191668 4362.57836915017 4397.46100565788 4416.9460394874 4418.27512742214 4400.0690398968 4362.54801077756 4308.34090933083 4242.35102754606 4171.10618513942 4100.68558225816 4035.58622158672 3978.57315335388 3930.78157073446 3891.92910426988 3860.91114557475 3836.35097300299 3816.63040379457 3800.26801200697 3786.02140993819 3772.87759385619 3760.1130987541 3747.33530464042
"71" "Kenya" 1156.28311003646 1163.1635815673 1169.98918357306 1176.68920632472 1183.28193163433 1189.74562679814 1196.17315303332 1202.63549099003 1209.07190193585 1215.35180841089 1221.41541020041 1227.29208556866 1233.10915250436 1239.01815628235 1245.17985029617 1251.64407054868 1258.33507441699 1264.92086935182 1271.01513661789 1276.23508655651 1280.28766791744 1283.02147848407 1284.46129361998 1284.76384974255 1284.07362778511 1282.46731130662 1279.9632595466 1276.57601246629 1272.37380387805 1267.4953025631 1262.11196104295 1256.3597680827 1250.38872279486 1244.35115412172
"72" "Kiribati" 2854.84386422373 2810.08560875003 2763.59413611578 2711.80596063853 2649.95861754557 2573.31027816256 2480.19805952134 2372.5988719583 2253.54826666106 2126.96428813732 1997.91905272815 1872.22029055425 1753.90912860453 1645.62326489148 1549.17003835611 1465.40077327718 1394.64596358758 1336.72435778699 1291.08181996612 1256.75745682122 1232.93645649863 1218.66142625262 1212.87202594623 1214.56077887687 1222.65671852706 1235.99188343216 1253.44480908119 1273.9927972546 1296.68142396013 1320.67299696239 1345.27103471608 1370.08649243351 1394.94755124019 1419.81870653054
"73" "Korea..Dem..Rep." 342.32222600969 413.302869531629 484.454691163544 556.030727591582 628.30293247398 701.495144824997 775.712743952707 850.896417553122 926.798599962371 1002.9803496477 1078.82675665145 1153.55486794184 1226.21427159547 1295.66962701907 1360.5476244404 1419.39565576966 1470.89887560595 1513.95236240894 1547.6812011993 1571.64873784166 1585.89394119768 1590.94809703438 1587.84894576581 1577.82863256343 1562.45387298428 1543.31259050399 1521.92281066574 1499.58156153644 1477.27333340634 1455.51556641185 1434.39801810585 1413.84122162522 1393.62709681154 1373.55081820236
"74" "Korea..Republic.of" 2310.08699972723 2532.18876053595 2755.06857834536 2980.14368750478 3209.11892041771 3444.07777626887 3687.47887919191 3941.81626962984 4209.75955282769 4494.3306871064 4799.21118515485 5128.81481844414 5486.9488064825 5876.41132898204 6298.80143463867 6754.66956657584 7243.53680608041 7763.5213525228 8311.48728825821 8883.43936826055 9474.95900403308 10081.1415559084 10697.3731559591 11319.8264298679 11944.9537354276 12569.3969643564 13190.738934034 13808.3131969291 14423.7647781754 15040.5949824141 15659.4078173411 16279.6313006963 16900.8006056762 17522.1523722255
"75" "Kuwait" 62509.828638945 58967.901109456 55431.2988683696 51918.7681563149 48469.1085192498 45128.7309627418 41937.8396635599 38920.4372385666 36094.731495465 33475.2740038622 31077.8680796266 28934.1364236168 27071.9668439926 25509.7253278544 24256.3405201927 23310.1856426787 22660.7653631827 22289.1751554686 22169.121729892 22268.2970364202 22547.9385031955 22969.7347432693 23480.058298435 24022.5136261277 24545.2583680366 25013.8857992856 25407.9650715782 25720.94857212 25959.0326479375 26136.068272127 26271.0736386648 26381.104158347 26480.375980373 26578.4475410465
"76" "Laos" 969.542844938205 965.532764192683 961.596965759815 957.939172791774 954.946856026334 953.117220519288 953.058030311364 955.441931041993 960.858407949825 969.762427045905 982.279952496408 998.306921099889 1017.51383262366 1039.4979659823 1063.82599800881 1089.94275599623 1117.1665017426 1144.90575415596 1172.63695563999 1199.68516196299 1225.24913100413 1248.75278123772 1269.83044556052 1288.28277841622 1304.10567088459 1317.38672234937 1328.35425201709 1337.3725315384 1345.00962368392 1352.0715186454 1359.05332605541 1366.26250149988 1373.75223574962 1381.31957107168
"77" "Lesotho" 709.416410781896 749.019553543216 788.629417827582 828.17703069918 867.436265952628 906.306765080797 944.819967161677 982.737493560552 1019.54968722481 1054.64247441792 1087.86149968532 1118.93063413637 1147.92775388123 1175.16028969473 1201.06189221698 1226.14357061386 1250.83905082072 1275.54032609634 1300.77498607249 1327.18118381568 1355.52319742723 1386.53046204893 1420.83825632901 1458.74385551057 1500.04711194588 1544.29836534844 1590.87923890189 1639.0538088765 1688.06566894527 1737.30039750903 1786.52583304622 1835.72255054154 1884.98956464704 1934.43194563845
"78" "Liberia" 2082.81827675749 2046.75726617828 2010.44370315719 1973.60878833686 1935.99613435206 1897.72452436672 1859.09608145889 1819.68247639569 1778.63070674061 1734.67137886614 1686.47342137791 1632.8145694344 1572.48893764065 1504.55717742809 1428.70907713408 1344.88969190238 1253.65745368393 1156.28563969991 1054.70205728729 951.509679183798 850.023505983934 753.577370234244 664.75902836631 585.641220386133 517.481764978792 460.620604878408 414.532534556645 377.967184422983 349.105304400504 326.013138426233 306.815572301197 289.844563630353 273.846123462907 258.058702588988
"79" "Luxembourg" 16696.8972220413 17038.9275566438 17381.2647356912 17724.3636997368 18070.2632924946 18424.9265934294 18799.0029187747 19203.1936882803 19648.1898843992 20144.3499403637 20702.321519695 21333.0929610636 22046.8521018405 22851.0416619942 23749.0495962386 24739.7044501326 25818.2909552444 26975.637402017 28200.9264460053 29480.9946267589 30802.6523577128 32155.8255757348 33533.5157317984 34934.6074629381 36360.6201768585 37814.470397607 39299.223311289 40814.2342005157 42353.0211896202 43906.2989524341 45464.1020573153 47018.6160027403 48568.9092120425 50117.0631185483
"80" "Macao" 6691.91059420579 7427.32137513776 8163.51424683423 8901.29692687181 9641.16046946008 10383.0499564914 11126.2820619345 11869.5881523669 12611.3189992112 13349.8770910093 14084.0704388047 14813.3649234137 15537.7440145555 16257.5547671407 16973.2678335436 17684.7822217206 18391.5624275442 19090.5244713327 19775.7199573354 20441.3550761235 21082.4720458746 21694.8356395761 22276.1723001008 22824.0100112224 23338.0964909645 23820.8028398226 24277.3061070646 24716.3834998591 25149.410425107 25588.3321309594 26041.8111645048 26511.9894675041 26996.4654663073 27488.2696060951
"81" "Madagascar" 1398.77198805114 1369.38614297122 1339.95743592117 1310.50586357345 1281.16087151067 1252.06395390657 1223.38831900606 1195.34603791931 1168.01058895897 1141.39889209289 1115.47302906653 1090.3595548951 1066.33431352116 1043.58859275003 1022.19330460322 1002.14262337038 983.380290829624 965.83559585067 949.421216126146 934.001558109056 919.427352087091 905.596913802665 892.401033567978 879.809174985723 867.758533424672 856.168583741133 844.905657232851 833.801521838221 822.688975127554 811.450724941565 800.058248958152 788.481814742858 776.748749538829 764.999502977357
"82" "Malawi" 524.843738129487 542.754365302033 560.530205004255 577.967262252575 594.865819750903 611.029719147518 626.297322666322 640.510131883348 653.524429317964 665.214406784828 675.480623275304 684.335413713795 691.870490991514 698.219272540389 703.532883539872 707.999890088062 711.837992024209 715.349776812342 718.91090041143 722.902050138411 727.608127384195 733.218212814346 739.808056550967 747.335427884125 755.414770262509 763.4643244901 771.061438870221 777.94504281997 783.953760184268 789.06965075099 793.382778032546 797.090774689471 800.505289312218 803.836352179516
"83" "Malaysia" 2827.43421303847 3028.65901192991 3229.24462253874 3428.68931080257 3626.6679998526 3823.21795954308 4018.69885722859 4213.31941911487 4407.53043301459 4601.98795194262 4797.50155233131 4995.25518623314 5196.96312156976 5404.86765954726 5621.62606656777 5850.25749013459 6094.21657758457 6356.55265677925 6639.22661638618 6942.90870768097 7267.07500589828 7610.23279350355 7970.03205794749 8343.32236819705 8726.57407307429 9116.07783848079 9508.27914913546 9900.17127716099 10290.1562593072 10678.1267441311 11063.8524795414 11447.5377515864 11830.2409701156 12212.7392180995
"84" "Maldives" 480.399719867715 570.526782038413 661.019466784442 752.494691976036 845.718572691468 941.533328154074 1040.79722775546 1144.30821634184 1252.73198851504 1366.54072883606 1486.04602339456 1611.33417020816 1742.44514298596 1879.36278926155 2021.44343271107 2167.53626528749 2316.57722611199 2467.70118164257 2620.18796727191 2773.3900154386 2926.66214541306 3079.33786917709 3231.19216134899 3382.36632212409 3533.20039654436 3684.06756934644 3835.25779077564 3986.89399890389 4139.17839482617 4292.27153014022 4446.49060220669 4601.63545056091 4757.71504973267 4914.39341162537
"85" "Mali" 663.591127325192 671.855414122045 680.135299500584 688.509157607192 697.1269799395 706.00495845112 715.062407245815 724.166460256222 733.199726346861 742.100222431614 750.888939333495 759.722159394438 768.925464883044 778.834119244427 789.645709711495 801.474735744045 814.354497077593 828.138200158296 842.797675864619 858.380776974628 874.90302467673 892.420091391893 910.960128954396 930.506892045036 951.058274322226 972.657382314265 995.273450588645 1018.72654955708 1042.82848180479 1067.27736081814 1091.92755587895 1116.76347561701 1141.65650777241 1166.59241264619
"86" "Malta" 2761.99776705074 3274.15688137785 3786.95034603733 4300.73530865811 4815.08407125402 5328.29331831727 5836.90532641189 6336.94475755616 6824.8980567023 7298.22366290867 7756.44817634184 8201.97601376113 8639.244357235 9074.0163670475 9511.8247995896 9957.77879158466 10415.991606507 10889.2237406022 11379.3924585992 11887.0924433757 12411.623276663 12951.7153390836 13504.9667305686 14068.4315902014 14639.7558127389 15216.5801564625 15796.4896176217 16376.729134575 16954.5947091368 17527.8739102849 18095.1204352244 18656.1540813847 19212.713935107 19766.8235200293
"87" "Mauritania" 1312.76054083157 1314.76627243432 1316.681755685 1318.28383380044 1319.16423085825 1318.69135810157 1316.24157344636 1311.33553016335 1303.93898733964 1294.51516148694 1283.72320464859 1272.46600446423 1261.61680831185 1252.16927505832 1244.86024954971 1240.20119994443 1238.49207502703 1239.82864083221 1244.24022145709 1251.6673983967 1261.96502984244 1274.97665873973 1290.48287170935 1308.19136397527 1327.56286358215 1348.09395366474 1369.30076244882 1390.79205052601 1412.24792908181 1433.44521967541 1454.19073954328 1474.42380862273 1494.25197350217 1513.8685532485
"88" "Mauritius" 4304.27627225127 4534.22077160909 4763.95960303629 4993.1230086732 5220.7339506526 5445.87840808555 5667.6179062065 5885.95013772968 6102.3565181038 6320.02381843326 6543.52379352718 6778.4053331486 7029.54873982677 7300.77626350803 7595.31937228917 7915.11641835823 8260.52123272249 8630.55017559335 9023.35406910041 9437.16410443429 9870.18341186284 10320.8100628928 10787.4440902514 11268.5558065084 11762.7160690082 12268.4620755786 12783.8782413752 13307.4255238645 13837.9032424095 14373.7137300638 14913.2823167746 15454.2607631642 15994.820141563 16535.2010273933
"89" "Mexico" 5275.86575877141 5434.54387946113 5592.80363200392 5749.58585605421 5903.44465393638 6052.80567658473 6195.96291279868 6331.15260318621 6456.39460732329 6569.17047952793 6666.91599209982 6747.72310988986 6811.01862801866 6858.41866333213 6893.02506985614 6918.13551970821 6937.38476458124 6954.81811386883 6973.84797030315 6997.04965333171 7025.88741422622 7061.0253696251 7102.7557431312 7151.30438017328 7207.00918957229 7270.20977519876 7341.54635719926 7420.40500003239 7505.21235451374 7594.06649495881 7685.12215704683 7776.80203121964 7868.52123052644 7960.18725793839
"90" "Micronesia..Fed..Sts." 2460.28490981469 2539.13167714109 2617.57092119295 2694.54468800288 2768.03489680052 2836.49082159548 2899.55422190539 2957.65136519387 3011.62711511978 3062.55078692903 3111.77014507968 3160.7111333125 3209.98347325555 3259.6952827036 3309.45788526832 3358.98282910456 3407.86020515405 3455.83704228574 3502.92961060569 3549.07330711425 3594.19887928525 3637.86975707476 3679.22566049061 3717.15378714794 3750.26663201069 3777.17675032491 3797.68737925662 3812.84620309605 3824.30233068526 3833.60947260858 3842.09810512365 3850.17865605656 3858.11053097059 3866.01183828891
"91" "Mongolia" 1033.96560121488 1076.61406312956 1119.34443229121 1162.26101353895 1205.40261463121 1248.79200129255 1292.35873721094 1335.92834807116 1379.14361121491 1421.50510886376 1462.4080364612 1501.08077917861 1536.60290109616 1567.99777309613 1594.34457205801 1614.81226692858 1628.71880047447 1635.59722479498 1635.43358423824 1628.67980709037 1616.35811517691 1600.07387230567 1581.81217824652 1563.47786933856 1546.50064722528 1531.72423037683 1519.47675989527 1509.78943355674 1502.42884798765 1497.00913123049 1493.08538745781 1490.23393176407 1488.05031902507 1486.14289953724
"92" "Morocco" 2277.0458070513 2354.60583149474 2432.18898817055 2509.82763273237 2587.5233791134 2665.15380841502 2742.35447004083 2818.50953237338 2893.04630612014 2965.35961265761 3035.04115084702 3101.95456401795 3166.10528662285 3227.35871220414 3285.78260683768 3341.31459131881 3393.72442792578 3442.62551420856 3487.97361089728 3529.52316918657 3567.32794199379 3601.63227156336 3632.85206928471 3661.96428211834 3689.83048510158 3716.91594031642 3744.02420038212 3771.37830506715 3799.41943013901 3828.26801910256 3858.10864413727 3888.92717937489 3920.36434808682 3952.070981096
"93" "Mozambique" 1089.57741173887 1091.1870061213 1092.57690072438 1093.42486825346 1093.35488091208 1091.98120348315 1089.00026279729 1084.23556617641 1077.71122103545 1069.56465762389 1060.00897363861 1049.35120113245 1038.08010147415 1026.92219352962 1016.73068141108 1008.31527724692 1002.32062283702 998.956442288128 998.0373152249 999.178302866279 1002.04018089314 1006.5308524792 1012.84116009593 1021.37356108361 1032.47059690729 1046.51929687929 1064.02292656968 1085.10115060633 1109.54239985067 1136.97330078764 1166.98686765252 1198.95386042865 1232.06052068023 1265.63054457039
"94" "Namibia" 5012.42074463756 5023.15600710261 5034.46270370607 5046.94017431858 5060.87865430153 5075.90775733051 5091.09820544535 5105.41562979256 5117.44461300504 5126.28055664119 5131.39732447692 5132.47117064653 5128.78122772312 5120.18941310318 5107.36577711389 5091.26873854967 5072.89439776216 5052.66686450663 5030.91303879394 5009.23950972367 4989.73155829844 4974.34860824655 4963.74435890054 4958.46435732235 4959.10089442666 4966.03903798486 4979.50208403225 4999.54592425919 5025.95076614594 5058.10628786213 5094.85098366201 5134.66996683018 5176.48260419209 5219.14035915611
"95" "Nepal" 850.280820040043 857.32445782818 864.448242091217 871.742404659484 879.330697808081 887.291526150462 895.695039855558 904.644323151927 914.239005643486 924.592928301271 935.908176657212 948.457606497486 962.354504491624 977.662893692916 994.452174493421 1012.67632255097 1032.26598471215 1053.16800826718 1075.33825004451 1098.66075010188 1123.01586362198 1148.32158641218 1174.46376912085 1201.35435293031 1228.84848060005 1256.74786900728 1284.86873282768 1313.05889306443 1341.20585188862 1369.2438394887 1397.09114992339 1424.69626990267 1452.06748026175 1479.34268391104
"96" "Netherlands" 15328.7998605036 15569.8315202159 15810.1308352769 16048.6217397348 16283.6498080498 16513.8474703323 16738.745882173 16957.8149879866 17171.3785749824 17381.0795678996 17590.2604150402 17803.7912132863 18027.8864634824 18268.4360234397 18529.6189423109 18813.89167919 19122.3409708151 19454.9615922266 19811.1568685375 20189.4499083806 20587.6199257172 21003.7434522375 21436.8610598176 21886.808899203 22353.5172734896 22835.7932335253 23331.3247919742 23836.7966809168 24348.0846929534 24860.8521364823 25371.521818169 25878.1366793383 26381.0435692691 26882.1294630424
"97" "Netherlands.Antilles" 12140.5237194002 12322.2164795197 12503.6087103407 12683.943658866 12861.8678003222 13036.9494057892 13208.4386268458 13373.3051790564 13526.4938889184 13661.8396749812 13774.1851285724 13859.7934343318 13918.7914415779 13954.9526210433 13974.5553623567 13985.6571385942 13997.011174426 14016.6854541758 14049.0990017312 14095.5630523445 14154.0277712635 14220.8169286053 14291.1336500587 14359.087138991 14418.5044996444 14464.2452134137 14493.8126329445 14506.9206428488 14504.8725036564 14490.3723042898 14467.0152999125 14438.5677924272 14407.6645554869 14376.0131132635
"98" "New.Zealand" 14936.2925556222 15073.0539169844 15208.3628944576 15339.6666618602 15464.0480732745 15580.0225236284 15688.9922826661 15793.6789888233 15898.0139273286 16005.3022159388 16117.7643450923 16236.2980871875 16360.4460887604 16489.1965336287 16620.6630003883 16753.3660813013 16887.5575736283 17024.5731319272 17167.2314218214 17319.5464961047 17486.7658965164 17674.2734910553 17886.6641229791 18126.4945993178 18393.4169967941 18685.513060632 19000.233526064 19334.7894606707 19686.3409282177 20052.1115338188 20428.5969452674 20812.6039165222 21200.9250041788 21590.7627175416
"99" "Nicaragua" 6643.95093660063 6591.34756467139 6537.32036290065 6479.47667353524 6414.8467976647 6339.94577094479 6251.28115228706 6146.66503542572 6025.77404971426 5890.11625066762 5743.16717617642 5587.55787450463 5424.80321697578 5255.77226897715 5080.77910335355 4900.87472602738 4718.22192941263 4535.50918535823 4356.33165238959 4184.29518081872 4022.81470282664 3874.49892014233 3741.63272273772 3625.40888678437 3526.135150897 3443.20475397336 3375.19500103396 3320.2496839644 3276.30243814765 3240.98288700682 3211.82093161961 3186.37614784623 3162.77318721783 3139.84667739593
"100" "Niger" 1025.75080460658 1034.9867773385 1044.4233195589 1054.35275306293 1065.04707109681 1076.36894352414 1087.61095840576 1097.97121669369 1106.75013444394 1113.17439767082 1116.49315855248 1116.10480577291 1111.67760411974 1103.31565261614 1091.445477275 1076.81521622766 1060.01836141227 1041.54397547642 1021.98892841416 1001.84747328085 981.528810285824 961.391898555208 941.835541239412 923.226092292459 905.853071090273 889.875682878048 875.334802448252 862.150305686158 850.068136470917 838.763317667466 827.995106374566 817.637759696806 807.514183047841 797.483952717084
"101" "Nigeria" 1153.77395770687 1151.92036194004 1149.76021427894 1146.82377042445 1142.55683254177 1136.36709587001 1127.95680431694 1117.15963380067 1104.05664322848 1089.2330291732 1073.67494584953 1058.31691489929 1043.87732082463 1031.0282265905 1020.36322635974 1012.28794430375 1006.89854057801 1004.14346800226 1003.82451616977 1005.52129170382 1008.75021266227 1013.04569787371 1018.07082213507 1023.65610974862 1029.79144971126 1036.60798474553 1044.31534644972 1052.89715438521 1062.34284449729 1072.62256209527 1083.65127812722 1095.30202913598 1107.42354946906 1119.80396040114
"102" "Norway" 13291.0709016201 13868.8169300311 14446.3896761881 15023.6032505119 15599.8701892329 16174.2346804552 16745.41565681 17312.190524227 17874.1960244942 18432.1211905889 18986.9247479271 19540.2147464484 20094.9348392227 20654.2502524536 21220.3751877467 21794.2436985765 22376.843392948 22970.35248462 23578.9882738687 24208.1459697589 24862.6254831707 25545.6444750597 26258.2428101736 26999.3521370727 27765.6835822914 28551.3414045219 29349.1907760004 30151.5763379518 30951.9218346611 31746.5391145683 32534.2313665269 33315.3301991038 34091.5620299498 34865.6618312178
"103" "Oman" 8231.4362075419 8459.48416802906 8691.42949574737 8931.39969625789 9183.38642813234 9447.38095270176 9719.9911697269 9997.31957008672 10279.1593742359 10567.9772637038 10866.5586790844 11176.9382578122 11497.6926676241 11825.7358756124 12156.8284022005 12486.3643831226 12810.8531356075 13129.504650926 13443.0110525102 13751.2398696646 14053.9629640627 14349.6006527035 14636.0455451761 14911.0622644377 15172.9618720828 15421.0942690445 15655.1845640758 15875.6676277571 16083.8695117587 16282.3500561814 16473.9541848467 16660.4747264354 16843.0025791665 17023.6529819428
"104" "Pakistan" 1158.43655157734 1198.96917179331 1239.69209638033 1280.90456902998 1323.03808844289 1366.55320489709 1411.82305844953 1459.14647889492 1508.66625163181 1560.42120411155 1614.2211374064 1669.73578007833 1726.57587784581 1784.2630077271 1842.26015054586 1899.96561535641 1956.76942258672 2012.03875187639 2065.17971730851 2115.7530648365 2163.52722262053 2208.38852690864 2250.30735739234 2289.37078194587 2325.73611129998 2359.57660523056 2391.15646723525 2420.90446329861 2449.22904123712 2476.49927745901 2503.04947326941 2529.23749452981 2555.35640491853 2581.50147187756
"105" "Panama" 3640.92768579351 3809.32521596167 3978.20558941534 4148.42443965015 4320.64879068815 4495.5542124523 4673.10685463884 4852.63349966284 5032.57618480283 5210.81540458813 5384.67021558608 5550.63493410256 5706.14923840446 5850.01336642342 5982.33347574508 6103.88080678901 6215.88469303542 6320.46079694755 6420.52698425606 6519.53307119922 6619.77370480468 6722.43827517208 6827.53152088905 6935.28920735529 7046.23353791828 7161.09729415712 7280.39156530609 7404.0461881141 7531.10161416679 7660.2129163295 7790.40045018218 7921.09402376393 8052.08444048841 8183.22430120987
"106" "Papua.New.Guinea" 2388.21039691244 2517.74770078303 2646.55305991133 2773.22122780312 2896.21490931438 3013.76873773156 3123.34751156788 3221.28381199219 3306.06334439442 3377.31784338455 3436.00679721153 3484.1576657659 3524.24770894513 3558.91279348228 3590.43102258807 3620.84215348949 3651.69603885708 3684.55389922765 3721.08254579085 3762.93009598829 3811.22481364707 3866.46953810435 3927.76022016315 3993.06938428125 4059.40700586601 4124.97312311408 4189.17805270746 4251.74801402034 4312.66734329518 4371.66003598937 4428.49585295204 4483.97552969237 4538.71500383717 4593.20201718899
"107" "Paraguay" 2897.6859969832 3059.1087638957 3220.75242581575 3382.81304734113 3545.27943250512 3707.61459647264 3868.67073457731 4026.75805991162 4179.50454148159 4324.21013389346 4458.19928489977 4579.29211591832 4686.29707390468 4779.31606277459 4859.34988050907 4927.65381493217 4985.51130116669 5034.24624679808 5074.68750590889 5107.20110596466 5132.03973441618 5149.6047499493 5160.24522841385 5164.18077503478 5161.498624216 5152.33333467385 5136.81138981411 5115.33793345588 5088.54336494374 5057.38932578861 5022.91287158907 4986.1510768792 4947.99726826414 4909.36619690681
"108" "Peru" 4923.81652832805 4929.56077192202 4934.56821244516 4937.54232689687 4936.64162174538 4929.85137914174 4915.62165593258 4893.09143376672 4862.06541665313 4822.90028926636 4775.75823773933 4720.68614298179 4658.21627455915 4589.70712067937 4517.338468364 4442.62364708288 4366.62832738498 4290.15427170153 4214.8710501453 4144.30818664982 4082.67754852324 4033.26978160711 3997.97575187164 3977.37810508304 3970.60789062785 3975.58689687989 3989.8771637364 4011.22048410245 4037.58268347374 4067.55452963573 4100.02867316519 4134.10992606481 4169.16427965434 4204.58482218841
"109" "Philippines" 2565.89624501125 2631.98272824945 2697.72229537512 2762.42041245511 2825.11737881783 2884.87679551056 2940.56185788351 2990.98993429815 3035.23442047121 3072.7275485337 3103.21316781544 3126.6346472749 3143.41053820103 3154.5974857646 3161.67547379086 3166.56590289066 3171.28813149036 3177.26492000911 3185.56082178732 3196.72864236539 3211.07336697923 3228.82055850886 3250.19006691685 3275.29838576947 3304.05492171575 3336.07168294024 3370.92508607323 3408.03646503766 3446.74916379128 3486.67352237925 3527.09564093724 3567.229135545 3607.0339216799 3646.66233373048
"110" "Poland" 4595.49752416311 4769.81732005795 4942.39412664237 5109.93513155584 5268.1172233712 5412.32004408239 5538.10019637494 5642.03569382415 5722.60719526443 5780.78663629558 5820.14334202926 5846.2484337364 5865.71387958284 5884.66904340009 5907.3749200707 5936.67585586871 5974.49549551799 6022.51411460276 6082.6192237184 6157.04340042383 6248.65810971863 6360.67174985136 6495.41451754625 6653.79840915294 6835.26256497716 7037.94405305179 7258.85183949726 7494.38067255136 7740.72822735314 7994.43278511028 8252.60336871209 8513.12493508506 8774.77844398395 9036.88252282578
"111" "Portugal" 7409.33857106809 7645.09794589959 7879.80358155342 8111.96241173716 8340.38689295452 8565.73189792983 8790.27200015507 9015.70605112739 9243.72299334353 9476.49295217245 9716.1644697497 9965.09745033045 10226.2533174955 10502.9442611997 10798.6254756043 11115.9056492176 11455.1108411087 11814.1119812238 12188.9557124063 12574.6464975464 12966.4474152536 13360.4626253931 13754.4337992924 14147.7894692153 14540.9634804274 14934.0271945211 15326.8476418881 15718.6552524334 16108.2447894576 16494.2750631301 16875.8522591465 17252.9143155447 17626.5173897149 17998.4572507582
"112" "Puerto.Rico" 8412.78186291198 8612.99175872903 8813.20754738881 9014.0403613372 9217.51679140163 9426.67053400618 9643.24433509644 9867.67497878297 10100.7525498386 10344.2298155892 10601.854544486 10878.4500604413 11179.1389435062 11507.9001285806 11866.1745582059 12253.7916471017 12668.3957160923 13106.6785143842 13564.5641343936 14038.0408647509 14524.0722662503 15021.2154250243 15529.5161715397 16050.0345927008 16584.1290749829 17133.4195558798 17699.7863651975 18283.3258788527 18881.8359493487 19492.061429492 20109.9745247156 20731.1574518787 21353.9455290288 21977.3662380837
"113" "Qatar" 78654.7879314588 76286.3481459185 73888.4831155496 71421.8883851585 68845.3026792631 66136.1937389181 63311.65263348 60391.9670404583 57402.0878507785 54366.8991727653 51319.127515116 48302.0608435964 45361.6457601843 42547.1802422485 39905.7340727573 37476.4705190737 35291.0877608785 33369.2547240547 31721.0714550835 30346.8756836356 29240.0193457443 28391.4489207334 27790.8603520628 27424.5269633904 27280.4765024938 27345.2958897422 27601.4744517487 28024.4575154019 28579.281788961 29229.6349568969 29945.0758692079 30702.376091 31484.0961302065 32275.584952033
"114" "Romania" 2534.68767010813 2842.40072110812 3149.71353018284 3455.72182760425 3758.84459456885 4057.38043520414 4348.34174390117 4627.46773346302 4890.24277483299 5131.79318687072 5347.90083249879 5535.02577917258 5690.32468451624 5811.68337045597 5897.6521629567 5947.7936208072 5963.37659088886 5947.13195203106 5903.49126683594 5838.71204577558 5760.72528415496 5677.89175741462 5598.26215728471 5527.97632610185 5470.45559730945 5426.75612603565 5396.26004316534 5377.8737070183 5370.80917480641 5374.03802047401 5385.9671137784 5404.43471042571 5426.84192233763 5450.76613590978
"115" "Rwanda" 999.829571623327 1018.9424903002 1038.19735229802 1057.74603246197 1077.6288186315 1097.7891433149 1117.93939452388 1137.36008086187 1155.25935619598 1170.68958169118 1182.68318662193 1190.46039205848 1193.42232710452 1191.34220463358 1184.23441620146 1172.49393060233 1156.53256133991 1136.86837884137 1114.27212488055 1089.74231553418 1064.46411506681 1039.94228970412 1017.53455088415 998.540081070662 984.313764600222 975.967451781707 973.456668462503 976.399018585536 984.298018197577 996.363329898936 1011.70177619443 1029.36748556412 1048.43050604758 1068.0664242205
"116" "Samoa" 2653.78524616574 2694.43360595566 2734.90712188017 2774.81147455896 2813.49786530703 2850.11582850297 2883.70244786212 2913.25927602856 2937.87546702669 2956.80169119087 2969.57923143788 2975.96328470652 2976.466090607 2971.47256828776 2961.49135792073 2946.8933822571 2927.95054115329 2905.23004276006 2879.84017937528 2853.27979343992 2827.55195569653 2805.38800140405 2789.35976993218 2781.6694863971 2783.87221949016 2797.00193493675 2820.96973341348 2854.90867325967 2897.58929498107 2947.4429611503 3002.78373135252 3061.72305252002 3122.5427057567 3184.04438328517
"117" "Sao.Tome.and.Principe" 1064.85000099379 1111.55152578503 1158.03343584879 1203.98889614312 1248.94825278645 1292.03726015685 1332.05202700043 1367.55765516291 1396.81257867249 1418.63960116949 1432.41088309754 1438.78351139732 1439.3488195518 1435.67008601545 1429.30616919384 1421.52480227753 1413.05723078408 1404.36870897535 1395.54865003626 1386.35201187927 1376.61760129175 1366.4331340314 1356.13250885266 1346.22678717491 1337.19103364538 1329.38291819338 1323.0645171641 1318.34901360725 1315.11447077962 1313.23309665399 1312.53084677619 1312.65784670042 1313.23335211393 1313.98347608721
"118" "Saudi.Arabia" 23196.9291177418 23944.6756626586 24671.839444781 25341.7610421581 25908.4805192269 26329.183845319 26576.609455968 26633.9001620942 26496.5508934781 26169.1498069947 25661.6136147854 24995.8327069743 24206.9627071482 23344.3778471268 22458.5762219617 21591.6030670867 20774.9532298809 20029.6000350555 19367.738514247 18791.8497790042 18297.4250295906 17873.0944468219 17505.2958339398 17182.2119705691 16894.9570017497 16635.808485095 16398.3091282143 16176.7027050037 15966.7364490392 15765.615914634 15571.7705174789 15383.094970978 15198.1208522417 15015.6330209531
"119" "Senegal" 1453.71868924644 1453.12116039989 1452.62949283023 1452.35924041333 1452.44228154301 1452.78533576204 1453.13321265934 1453.22045948442 1453.07502270515 1452.75554989068 1452.2576125534 1451.64459208097 1450.88439157968 1449.6921076756 1447.95120651586 1445.7031927284 1442.84738817487 1439.33740848509 1435.16694581847 1430.41863906318 1425.38748849285 1420.43454728346 1415.96049488975 1412.34541214825 1409.89317290828 1408.69995073876 1408.72049477638 1409.71332328095 1411.28288977536 1413.04563747428 1414.61839936794 1415.81544635292 1416.84292157733 1417.84229132343
"120" "Sierra.Leone" 1338.33053049782 1340.93850707073 1343.51552906739 1346.02870864388 1348.35063063362 1350.2847225984 1351.66785777344 1352.38876483746 1352.23086107476 1350.85252585751 1347.75877040523 1342.41375937279 1334.26895598902 1322.81108933435 1307.68339684922 1288.57150575074 1265.2067110139 1237.6174553493 1205.98800969003 1170.83863533078 1132.81483179202 1092.62721300591 1051.09895282512 1009.0063788198 966.851850303037 924.888749915879 883.217348598609 841.991143141721 801.560404289213 762.17465315223 723.883458231191 686.488600843638 649.691478061533 613.143409879727
"121" "Singapore" 6784.97489580491 7319.17244693657 7853.51649232871 8388.4688688745 8924.97271148623 9465.08909365407 10012.1155745894 10569.0667855196 11138.5333412354 11722.1255945638 12321.0010024788 12936.8798679678 13573.1835165123 14233.8182814236 14922.3080897218 15642.6073677234 16399.3326065208 17194.4801012869 18025.7980281784 18887.7833880985 19772.4601193805 20669.9887868868 21569.779962682 22460.112741863 23327.6852071202 24160.7771167892 24950.6023886881 25692.5217003427 26386.3680733073 27038.5073623852 27655.4749696965 28244.9211714552 28818.9419839514 29387.0063605462
"122" "Solomon.Islands" 1904.91303618343 1952.38045083945 2000.07211765502 2047.99951291256 2095.4937888504 2141.37303867454 2184.5837043689 2223.54789657068 2256.58752465618 2282.26519301025 2299.69349770612 2309.51025883448 2313.15434599176 2312.81743087731 2310.9710793255 2309.4808385935 2309.78658449016 2312.87132497786 2319.03335530775 2327.91864191853 2338.22230461064 2348.21142482973 2355.77872475989 2358.49517627317 2354.31636017971 2341.62716684897 2319.22275074995 2286.73306193453 2244.67218057772 2194.22168394971 2137.2382448692 2076.15199969506 2013.08145917397 1949.41523980337
"123" "Somalia" 1486.18270099648 1460.36583429382 1434.26754058866 1407.40524304278 1379.75693296649 1351.24328756249 1322.00712095104 1292.29439878353 1262.02039215894 1231.13795667933 1200.05314346632 1169.23754499985 1139.00485465121 1109.51332292916 1081.07909995587 1054.00699179614 1028.38006203992 1003.84224487264 979.916663674666 956.099492489147 932.022187700063 907.423005335168 882.194088952966 856.494425598623 830.636040969921 805.163730275648 780.418619872165 756.568488915145 733.690647485581 711.732965342178 690.557707774925 669.954652385458 649.691264980976 629.560105512711
"124" "South.Africa" 6467.52943610231 6557.01179227634 6646.33543311012 6735.1521925327 6823.20187264036 6910.15346029803 6995.04125518907 7076.67780559608 7153.84834216369 7225.49078527253 7290.36659619783 7347.22283075164 7395.36478900551 7434.39653245411 7464.40446861961 7486.37435969302 7502.03438619382 7513.52005949226 7522.78031024309 7531.62514495235 7541.91440585044 7555.89557705541 7576.26980292068 7605.75430385701 7646.32193676788 7699.14098179711 7764.54142899662 7841.94392646383 7930.22097797365 8027.82037948487 8132.6068440113 8242.16459386808 8354.31149051029 8467.37749765835
"125" "Spain" 9938.36838462146 10173.7646274838 10407.6330241346 10637.0733810435 10859.0522896201 11071.654330321 11274.8665878791 11469.8832887012 11659.3094877246 11846.9678316647 12037.4286210179 12235.386819201 12445.6016805786 12672.127177467 12917.9886454814 13184.9978972932 13473.5377989598 13782.4896842958 14109.4170276182 14451.4582640332 14806.1101410782 15171.9633281301 15549.0838242136 15938.9415000326 16343.6975792309 16764.6535317019 17202.0438208911 17654.9721964146 18121.1903458364 18597.4618187295 19080.206498802 19566.2036102157 20053.3728133848 20540.7957421985
"126" "Sri.Lanka" 1199.50221756343 1261.20832441054 1323.01853746375 1385.09623886811 1447.70536167503 1511.26452783876 1576.31479440933 1643.38507261719 1712.86183370678 1784.88814874098 1859.4872541984 1936.56205518582 2016.00182392449 2097.82812474773 2182.26724992904 2269.47860843002 2359.44206158749 2452.36248396718 2548.65126298083 2648.68953558029 2752.68728955995 2860.54747487524 2972.1810697577 3087.18970250168 3205.03775247714 3325.08277154777 3446.55362669609 3568.74857372573 3691.08924362359 3813.19316294225 3934.80046787525 4055.87948745874 4176.67812505921 4297.4186340745
"127" "St..Kitts...Nevis" 3548.42561487215 3704.36003272345 3860.96522028758 4019.01034944553 4180.09462027762 4346.7364097405 4521.78070974017 4708.40572890825 4909.45870385204 5126.68976885653 5361.64696569713 5615.36894122705 5887.98669713531 6180.52103125784 6494.05874818771 6829.03131518988 7185.94163115884 7565.80812995108 7970.04205434521 8400.42080479495 8856.86883786818 9337.32174562076 9838.35620276391 10355.7875968948 10884.7483193536 11419.4385579884 11955.0118973488 12486.7677855895 13010.6752111217 13524.4472978928 14027.0552068222 14521.0100305847 15009.7384613381 15496.3503711636
"128" "St..Lucia" 2823.84951001703 2917.75467856115 3011.80709983023 3106.90007510283 3204.73698415791 3307.50794258671 3417.71065127005 3537.88239948229 3669.71010211961 3814.9229828295 3974.41779625413 4148.89691007861 4338.03955849742 4540.16835942983 4752.21288964886 4970.12516052898 5189.13195197052 5403.9272147225 5609.85408965399 5802.56285709728 5978.69865266051 6136.1532243091 6273.99941137678 6391.99601488652 6491.23938133287 6574.01204267316 6642.56851341137 6699.40194344478 6746.8009851372 6786.35252199377 6819.89058830682 6849.53937681368 6877.47084378092 6904.93338603308
"129" "St.Vincent...Grenadines" 2398.6352857169 2454.72280197202 2511.15551001285 2568.67889712016 2629.8655762997 2697.97737456441 2776.1066207365 2866.43838820175 2970.2992400441 3088.11690037698 3220.40418121374 3367.30819706674 3528.02567824536 3701.65490981627 3887.29868065054 4084.14843109471 4291.55158504369 4508.47278656463 4733.5165665121 4964.55132002425 5198.89649607294 5433.45949832998 5666.04925497699 5894.35516719978 6117.08447529669 6334.4463523981 6547.0299486961 6756.21080675183 6963.94866550467 7171.4692621271 7378.66978887788 7584.92264861042 7790.33295295595 7995.12485092417
"130" "Sudan" 1048.82176799775 1053.89214284806 1058.80105295337 1063.27126746158 1066.91376938818 1069.43775933002 1070.58421971048 1070.12718005462 1068.0768820882 1064.70743983686 1060.46671162104 1055.87559391155 1051.42366740017 1047.62029229389 1045.00986388121 1043.97627334489 1044.64052433299 1046.93002043521 1050.65314113039 1055.58276309634 1061.43086790798 1067.84431898252 1074.43692406742 1080.87130686264 1086.882135258 1092.28334437616 1096.97369300163 1100.97822630798 1104.47036548627 1107.84761741181 1111.50498129618 1115.51629518243 1119.79591816036 1124.20582258184
"131" "Suriname" 3709.57498342201 3815.93465933804 3922.3395877955 4028.81105968751 4134.85125668768 4239.00584007039 4338.69393546832 4430.75666241397 4511.86895135117 4579.40330506771 4631.958948973 4669.21257646378 4690.87931406437 4697.51713060791 4690.14431089241 4670.31660688932 4639.8137107929 4602.01773228015 4561.02679525112 4520.31500227514 4484.3529971834 4458.45540130144 4448.42453696181 4461.08518724383 4503.58754813439 4581.29731565229 4695.95113519596 4844.90437762476 5023.41045271 5225.72607077898 5445.62431552718 5679.44402147316 5921.79351184666 6168.38625857373
"132" "Swaziland" 3000.95516705136 3244.26762857262 3486.98398592625 3727.5511363732 3963.66086045958 4193.04489064059 4413.87421922027 4625.03222227606 4825.74459108735 5015.74948112785 5195.54666389353 5366.76980542756 5531.86127811335 5693.50661532079 5854.09865272443 6015.13162896055 6177.18978028363 6339.5075086257 6500.69751896815 6659.66446752073 6815.63157294584 6968.76377148703 7120.6695002055 7273.61058498375 7429.68125995373 7590.47912028496 7757.13866699706 7930.30953255895 8110.04505302206 8295.5945041064 8485.13792764944 8676.89484972839 8869.16452460133 9061.11532890201
"133" "Sweden" 15670.0008438684 15919.4285464427 16168.8955594074 16417.8591692866 16665.3615087061 16910.4774423683 17152.929231204 17393.6539000379 17634.8475781169 17878.3984649377 18125.4668860516 18377.3800433477 18635.5807265 18900.468292574 19171.177326819 19445.2990612529 19720.0667920766 19992.9259853376 20262.0643726036 20527.3506079787 20790.8168171355 21057.3094142268 21333.9791563624 21628.4492121166 21947.2083621728 22293.2393491842 22666.9636998983 23067.1838376899 23490.6778141839 23932.2749914112 24385.8314293669 24845.7912680679 25308.7134939574 25772.5488153086
"134" "Switzerland" 21388.6084359827 21566.0601102806 21742.7431934887 21918.584004241 22095.3597281884 22277.7242859709 22473.1613764079 22686.299957604 22918.185781723 23167.3163935344 23430.1975858533 23702.6441005115 23982.0025453755 24266.9331630609 24555.57479982 24844.952698997 25131.6762369369 25412.593695737 25684.8348594025 25945.4249776991 26191.930585744 26423.84668621 26643.8069453059 26855.8330075248 27064.2171999963 27272.5335823316 27483.7450336415 27699.7215540814 27920.5955237223 28144.98652875 28371.3360715412 28597.6574381505 28823.1137019537 29047.9292102314
"135" "Syria" 1222.26536390488 1289.05695602343 1355.45694098222 1420.69573773142 1484.06594486877 1544.50728714765 1600.88156345928 1652.33172822703 1698.3379917156 1738.03392486914 1770.61648540247 1795.41761996829 1812.09368050576 1820.97008940414 1823.0824643514 1820.07386031202 1813.8969130896 1806.62055608696 1800.08803267418 1795.75871758115 1795.16826245604 1799.19921390311 1808.04259987043 1821.42068527136 1838.75276776956 1859.2215000655 1881.80159394026 1905.42059042472 1929.23804206493 1952.74655918087 1975.91281598738 1998.80509980131 2021.55413564957 2044.23237530956
"136" "Taiwan" 2619.6016282318 2922.19738229534 3225.4246040383 3530.54233618436 3839.56939844711 4155.46211119968 4481.24729906907 4819.54060665429 5172.87965930667 5543.76926011092 5935.17349650346 6350.37692127046 6792.68771995682 7265.04891855425 7769.23954200459 8305.78071670328 8874.21474919076 9472.47111021569 10097.4540054038 10745.9440636052 11414.5722736565 12099.9762042354 12798.4667508355 13506.0987484395 14218.8280626533 14932.6810797117 15644.1034231926 16350.147506475 17048.7262043797 17738.9719604612 18420.9197852633 19095.8919519285 19767.1182566362 20436.9662631859
"137" "Tanzania" 588.63522708048 584.543991682454 580.421503491727 576.171674786391 571.699902660811 566.902275522382 561.656861496851 555.875555096157 549.568136603497 542.808587339329 535.7231012826 528.50877494391 521.449654505652 514.89583608786 509.239309724303 504.865850058531 502.163065984783 501.511872622152 503.277210299769 507.809432390207 515.440196890295 526.46543804088 541.13814681559 559.683008092945 582.21902285943 608.697946181294 638.802030017641 671.90344926212 707.005609083336 743.364976651741 780.472561565074 818.008796729449 855.744589597064 893.526404553296
"138" "Thailand" 1579.2684881044 1686.43563201866 1794.02477271266 1902.86094438609 2013.86647855687 2128.05493863193 2246.38685007183 2369.67314999055 2498.69129837688 2634.31685259462 2777.80756126167 2930.43308561441 3093.37285523608 3267.77355824586 3454.68551087488 3654.60627170862 3867.4120145554 4092.32511404425 4327.6359132678 4570.5871697836 4817.47869211602 5063.98132786497 5305.83368815005 5539.10350302122 5760.53785080807 5967.84041558262 6160.14140128988 6338.3515515859 6505.2692756235 6664.77987192655 6819.90397957985 6972.95743098837 7125.39028735815 7277.81616406777
"139" "Togo" 1400.75859323461 1380.8082646348 1360.61003805189 1339.90369559123 1318.534570763 1296.21667858843 1272.65870266182 1247.53383888102 1220.63682638721 1191.87213372438 1161.36656162054 1129.6456974694 1097.6162317606 1066.12108399012 1035.92567732455 1007.57371387049 981.592398541225 958.321499690371 937.820958625191 919.92923850372 904.395841062431 890.970774841538 879.409814503598 869.467707574064 860.765719742132 852.78900692806 845.080615802753 837.297658669795 829.181203943263 820.564458540559 811.482098444228 802.089439115463 792.571006894346 783.066210023171
"140" "Tonga" 776.472886716743 852.411713808569 929.013747683603 1007.42368359053 1089.10373340883 1175.44616720901 1267.79345072804 1367.29741253488 1474.87847907167 1591.0410917492 1715.4968395306 1846.85795914961 1982.54804049115 2119.77102854228 2255.86764268881 2387.8664199952 2513.3765801692 2630.61180636855 2738.49307105059 2836.55417440672 2924.43627270074 3001.91755976041 3069.20411848173 3127.42187136132 3177.9115053496 3221.89230096855 3260.42806497683 3294.61355038063 3325.35261977372 3353.43707237392 3379.47967659962 3403.89645318824 3427.15039393576 3449.77217125514
"141" "Trinidad..Tobago" 9320.86658923185 9587.44835434198 9852.87472847904 10113.0219170341 10362.916002827 10596.077755135 10804.9074917284 10980.5389484895 11114.1452800714 11197.3046312559 11224.6266886247 11193.5762596813 11106.6235327077 10972.4019803365 10805.9609138688 10624.5709546547 10446.2557267597 10288.4850868626 10165.7543473253 10089.7918432926 10069.627217791 10110.9950624887 10217.1898507594 10389.4025223207 10627.8953687632 10930.7388931218 11294.9648975093 11717.0717268059 12192.193053648 12713.1045713547 13269.3022331115 13848.775678175 14443.2663752194 15046.1174162232
"142" "Tunisia" 2924.23003612106 3042.36011183373 3159.90659045611 3276.07411336829 3390.72264372426 3503.73077289456 3615.07520139044 3724.7933320409 3833.15141517148 3940.38837602758 4046.76297706673 4152.51769330634 4258.28402882117 4364.95889995273 4473.22801897045 4583.7735441439 4697.09353319521 4813.99086423616 4935.17741054554 5061.54024524154 5193.99088616599 5333.15069854764 5479.47197564978 5633.18204948937 5794.46852964422 5963.24146706844 6139.21896514201 6321.57725607724 6509.2261869236 6700.92606184036 6895.35236176948 7091.41014849831 7288.24938240978 7485.3791222656
"143" "Turkey" 3105.0181549383 3178.02493385832 3250.847494641 3323.20064056434 3394.85790891975 3465.51144014722 3534.68461716446 3602.03013628878 3667.8584335446 3733.27284536562 3799.92036485167 3869.53841473918 3943.33386235242 4022.05415047885 4105.83298550002 4194.32143792129 4286.85227853429 4382.41525853582 4479.93594667635 4578.66618456002 4677.94030592428 4776.73262829517 4874.24147093392 4969.60725178103 5062.07839609966 5151.50196852351 5237.20331069606 5318.33140433944 5394.36763139907 5465.62099080951 5533.23315017682 5598.32916888004 5662.48750092278 5726.41483163642
"144" "Uganda" 1107.35474012918 1078.98629444621 1050.49780291291 1021.63288444286 992.176455442315 962.049485856465 931.29364824187 900.130512690458 868.997984173546 838.63447613073 810.037277991171 784.073232668702 761.457744132179 742.610706168785 727.806991880375 717.31645092838 711.423388644531 710.322396683239 714.113559677298 722.737662092802 735.962331221645 753.429600725493 774.714777512957 799.333049715836 826.702461447142 856.169988170602 887.262111846322 919.524361738984 952.555360633653 986.030148186045 1019.68589312529 1053.37450156007 1087.04314611623 1120.69440266572
"145" "United.Arab.Emirates" 18669.0588540641 21220.1412058254 23748.9407714516 26207.130061793 28511.7622507709 30552.4215896528 32243.4823865789 33531.0509032153 34389.7062527616 34821.5948336595 34838.2157487188 34469.3669586649 33775.1504723516 32838.841716236 31750.9735205943 30598.8861264122 29465.8779183739 28426.4648233474 27531.8878184049 26814.5614635603 26287.7219842813 25952.576467377 25807.8295521953 25848.8876644162 26068.4169183389 26450.5791891017 26974.3978270468 27616.132542044 28351.9632368953 29161.0137180476 30022.9935863555 30917.4916283786 31829.4933417105 32748.812067374
"146" "United.Kingdom" 13003.7430967807 13264.2900324157 13524.3749578086 13783.2061751367 14039.9966316822 14295.78104929 14552.4161557254 14811.6681861307 15075.7044202587 15346.721969897 15627.5546557826 15922.0566587276 16233.6888729047 16564.38936084 16914.3025553769 17282.3164259572 17666.0992306338 18062.530118895 18468.3918621525 18881.3106490205 19301.1854084582 19730.169997802 20171.8274933671 20629.2081789745 21103.7792022115 21595.338250218 22102.8310196284 22624.3811889518 23157.3746266477 23698.8059882038 24245.7299425408 24795.454538609 25346.3395280023 25897.5905709682
"147" "United.States" 17577.4219639038 17995.9852006847 18414.1798550559 18831.3242316058 19247.4465852853 19664.4482804664 20084.2593500577 20507.2813312667 20933.5652779258 21363.649540539 21799.8086339159 22246.0323465143 22706.0129627076 23182.7999960027 23676.2644299998 24183.977340809 24703.5187509656 25233.0588721526 25771.5221541758 26318.6955771605 26875.7925633468 27445.6857860314 28031.9938021033 28636.6948139858 29260.2650245973 29901.4448223211 30557.9432104791 31225.9420103374 31900.5405226357 32576.8937755882 33251.1558661022 33921.6497716461 34589.4818325232 35256.3615171075
"148" "Uruguay" 6182.49706135423 6308.43774059947 6434.72952794133 6561.85206212491 6689.52880207549 6816.72027581301 6941.68261335224 7062.51713726839 7177.47553485334 7284.84194755574 7383.64453048714 7474.86570414021 7562.22206168137 7652.1320522667 7751.33886789811 7864.87775919679 7995.34318261422 8142.65967045389 8305.40603606272 8482.19545161154 8670.96462368099 8868.51717122269 9069.88025162907 9268.60569436449 9458.30910476424 9632.9267339277 9787.92045019235 9919.32054231083 10024.6152704103 10103.6437332622 10159.6138964618 10198.0115462714 10225.772776712 10250.0493854391
"149" "Vanuatu" 1903.6104887653 1983.02777519646 2062.2300789057 2140.56499323313 2216.73238082158 2289.18857808079 2357.51472596845 2421.73178649706 2482.06072686419 2538.52135580118 2591.59618097218 2642.10262540186 2690.12362741246 2734.94852826272 2775.38941839282 2811.16849292231 2842.99711367475 2871.93281724139 2899.40133142931 2926.23964975246 2952.63642314625 2978.11280492167 3001.50614583187 3021.56267236769 3037.2975919054 3048.03988239033 3053.31083603806 3052.92176260819 3046.71642202024 3034.94886528718 3018.69796911695 2999.23379780427 2978.36649372106 2957.28845724475
"150" "Venezuela" 7784.7071787422 7899.47871012711 8014.18987681517 8126.69899183421 8232.63950301999 8326.45201447874 8402.78667130911 8456.95807157354 8486.09081865624 8489.90768126246 8470.53039755078 8431.93774647668 8378.96969850172 8317.06531847129 8251.56092073452 8186.46427609436 8124.43816055193 8066.4706571681 8012.58844535239 7962.21498312135 7914.9971381282 7868.85064031833 7820.61284904182 7767.60660504793 7708.47966871336 7642.75806115215 7569.90501905657 7489.75681971602 7401.99190787225 7307.10735421771 7206.32891392517 7100.59652253189 6991.14171754027 6880.11506089641
"151" "Zambia" 1214.90031587023 1228.7642079283 1242.45854219669 1255.5956601159 1267.79856952096 1278.75395284658 1287.94815135368 1294.78587867106 1298.98864004916 1300.34668279169 1298.6924018523 1293.9052844776 1285.84098340962 1274.44189117917 1259.67462010853 1241.77406104206 1221.18109252381 1198.31428794527 1173.37359071657 1146.55020377803 1118.09176984314 1088.52743636595 1058.38343137592 1028.34075131158 999.108153033023 971.435836522068 945.915352652944 922.786543433582 902.017626365276 883.407003965737 866.578677261764 851.037735120242 836.286943214898 821.846271156663
"152" "Zimbabwe" 3137.52182811323 3156.87464198285 3175.58411003218 3192.915939086 3208.31176644397 3221.49581830806 3233.02501946412 3243.86767565225 3254.88405181386 3265.82365395124 3275.61148593716 3282.9288362595 3286.33460094129 3285.56132541492 3281.16105686043 3274.97606214432 3268.36943949093 3262.17695121925 3256.46626479954 3250.13484682402 3241.51077872288 3229.3198820593 3212.8043866996 3192.68969855499 3169.56028906992 3143.70055719244 3115.36954739795 3084.16851051884 3049.61096126902 3011.33818833612 2969.18621650456 2923.51444008795 2875.39911260862 2826.3126562387
