"Countries" "Y1970" "Y1971" "Y1972" "Y1973" "Y1974" "Y1975" "Y1976" "Y1977" "Y1978" "Y1979" "Y1980" "Y1981" "Y1982" "Y1983" "Y1984" "Y1985" "Y1986" "Y1987" "Y1988" "Y1989" "Y1990" "Y1991" "Y1992" "Y1993" "Y1994" "Y1995" "Y1996" "Y1997" "Y1998" "Y1999" "Y2000" "Y2001" "Y2002" "Y2003"
"1" "Afghanistan" 7.56447577290344 7.59110192888099 7.61745819111014 7.64296302633277 7.66713874232991 7.68954750278902 7.70976437872537 7.72745181306927 7.74231623633473 7.75389467180911 7.76161497817112 7.76466950526549 7.76199556632217 7.75246794489401 7.73503873825814 7.7088682913564 7.67339477792207 7.62839272555007 7.57412766664893 7.511174265186 7.44029123207552 7.3623424521062 7.27826054029852 7.18936203691045 7.09696138292033 7.00198972949883 6.90495974617519 6.8059420915063 6.7048588150575 6.601958243257 6.49811116570412 6.39463486486147 6.29202591781272 6.18988440045351
"2" "Algeria" 8.3033709043864 8.32134909931567 8.3394732158584 8.35771260013565 8.37628394621765 8.39549769109048 8.41548576751188 8.43611891220736 8.45717023381735 8.47822486296084 8.49871924450305 8.51832377352334 8.53678279605481 8.55379323169898 8.56908301353915 8.58242379411055 8.59367796288937 8.60276351100228 8.60975378563338 8.61493650853259 8.61863913981401 8.62121832776528 8.62304695489523 8.62449302415361 8.62595080229352 8.62775333391363 8.63007311715188 8.63296344053161 8.63643977592625 8.64044697152531 8.6448737587766 8.64958895373382 8.65449293291118 8.65949404601694
"3" "Antigua" 8.43904760408973 8.45221090528663 8.46565215772414 8.47980101406033 8.49533759001655 8.5130464187988 8.53385005418091 8.5586162021238 8.58785943472295 8.62184529178294 8.66052784099857 8.70372765382269 8.75109165329692 8.80193706529565 8.85528781148739 8.91032413631522 8.96628248493501 9.02242988939833 9.0780472752105 9.13228086782043 9.18453063731062 9.23438790028402 9.28169934632802 9.32642213890743 9.36860694193553 9.4084699415074 9.44641418763385 9.48280831112828 9.517976297036 9.55220720119171 9.58580193187881 9.61905791798697 9.65218664916405 9.68527485445789
"4" "Argentina" 9.22711403600062 9.22705220201817 9.22688251613377 9.22644225849395 9.22551373442922 9.22388346860919 9.22144365389906 9.21814188773397 9.21392457840976 9.20884151448766 9.20295655980651 9.1965101706346 9.18995531829911 9.1837995218895 9.1784712476794 9.17439497018241 9.17203162323442 9.17166146152991 9.17354088858147 9.17792699740308 9.18496815002672 9.19447712565369 9.20584342867243 9.21826026144768 9.23094544783826 9.24322727150637 9.25461345109984 9.26466882467243 9.27306540945866 9.27971152031115 9.28480044121329 9.28872018912165 9.2919852352763 9.29508107953211
"5" "Australia" 9.60188478532795 9.61766018287758 9.63341525412039 9.64913843120872 9.66483422277832 9.68056925643572 9.69638850569842 9.712310310957 9.72835142179571 9.74450507791793 9.7607780846061 9.77718112345675 9.7937415483915 9.81053013435865 9.82755854766725 9.84480500694239 9.86223940750163 9.87986874467308 9.89771328901002 9.91584288127106 9.9343754001607 9.95349245700587 9.97335099406211 9.99402945296154 10.0155299847213 10.0377860209544 10.0606900475998 10.0841096847328 10.1078982596619 10.1319144566569 10.1560588148469 10.1802836341204 10.204549736417 10.2288321613006
"6" "Austria" 9.49124373392578 9.52105038367845 9.55075028613757 9.58017110424893 9.6091409226223 9.63752987881466 9.66526079384123 9.69223256331312 9.71836483458038 9.74365722769098 9.76808306321779 9.79171499332727 9.81467693972428 9.83709638931045 9.85909296611406 9.88078608428361 9.90225038415211 9.92353631509564 9.94465331947744 9.96555224240425 9.98615757083584 10.0064085752159 10.0263009841046 10.0458967364843 10.0653098666135 10.0846454448724 10.1039820552083 10.1233581277998 10.1427691564022 10.1621671289389 10.1814973471961 10.2007251633622 10.2198711450459 10.2389806072062
"7" "Bahamas" 9.59742605994315 9.59851241070949 9.5999364025312 9.60235473345868 9.60659207196302 9.6137663643094 9.62477158271821 9.63981155788872 9.65844686146159 9.67971889895146 9.70238377788564 9.72538175386697 9.74789956479099 9.76919007414518 9.78858401258551 9.80555420961753 9.81966966439876 9.83060894606955 9.83813430321181 9.84218117735519 9.84285538424347 9.84067869977255 9.8364033868053 9.83090306590152 9.82494837891178 9.81914184229069 9.81398219037603 9.80978902779954 9.80666112171737 9.80446927891337 9.80287643955683 9.80158803710375 9.80044435727286 9.79935000225707
"8" "Bahrain" 9.45620525552978 9.49962950041358 9.54286007235691 9.58536902602793 9.62615624429128 9.66347293806337 9.69596549695167 9.72271096924294 9.74326818443197 9.75782417798788 9.76692238119468 9.77134157468103 9.77200628857542 9.76982513406489 9.76573874211982 9.76070569047047 9.75564606491038 9.75122528206076 9.74785634381017 9.74570633756364 9.74484186381717 9.74526711258771 9.74700457606898 9.74997047088085 9.75408048070907 9.75958302983515 9.76651096830123 9.77483677722726 9.78444920082203 9.79513593600284 9.80658306935274 9.81849173083098 9.8306308846073 9.84286605479156
"9" "Barbados" 9.36266888954152 9.37142788008155 9.3801805936645 9.38898047152272 9.39796982894121 9.40732520774183 9.41729136841714 9.42797638544861 9.43927622157436 9.45095010317438 9.46272379581633 9.47445345692724 9.48611163849794 9.49764468830087 9.50889875043462 9.51963127225656 9.52961834732361 9.538603259624 9.54643607707194 9.55312964005974 9.55887494600316 9.56404792527808 9.56909517035428 9.57447926832624 9.58056022913654 9.58749559153689 9.5952837606626 9.60382508848386 9.61294080724923 9.62240415874097 9.63200394347218 9.64160041444565 9.65118807632414 9.6607785590299
"10" "Belgium" 9.46978025791275 9.4958363308879 9.52179537612811 9.54747966524489 9.57268426465739 9.5972608774136 9.6211540682065 9.64429553805165 9.66667864932602 9.68831628181225 9.7092556797584 9.72958187679421 9.7494683154638 9.76910621647742 9.78866806622535 9.80826159542261 9.82794644410336 9.84772276875802 9.86752621827902 9.88723412049676 9.90673495785065 9.9259624094433 9.94492137681666 9.9636738294707 9.98232138852281 10.0009237911372 10.0195237238662 10.0381513573 10.0567956813323 10.0754350844819 10.0940317683434 10.1125522486414 10.1310105001527 10.1494378234671
"11" "Belize" 8.18936909650491 8.21781433087124 8.24614465257422 8.27419089651733 8.3017326115009 8.32850803501791 8.35421566114297 8.37848635378913 8.40075668998627 8.42029426169824 8.43659699131248 8.44947520298913 8.45935323564093 8.46693884796295 8.47330682732632 8.47973359415198 8.48743187200849 8.49710425429003 8.50908394445987 8.52340184652836 8.53982034415036 8.55796241926212 8.57747768085464 8.59792818680937 8.61892526908885 8.64018792263001 8.66160516333143 8.68322945485886 8.70518001414339 8.72756988296477 8.75046831181432 8.77385362166852 8.79758276177646 8.82144424886914
"12" "Benin" 7.05975790182024 7.05561755386807 7.05134066101615 7.04667797162228 7.04156035252897 7.03608788992052 7.03058772122883 7.02543609738568 7.02112165894722 7.01789430541479 7.01569075206105 7.01434231752367 7.01370216046953 7.01357267537066 7.01388148252907 7.01448217870553 7.01528994949107 7.01639220668734 7.01801511698338 7.02040654406519 7.02382799940212 7.02844581343614 7.03434141713942 7.04156203838722 7.05013304596075 7.06004222455057 7.07121359787379 7.08349535787161 7.09671543464954 7.11069389243551 7.1252522256862 7.14020593663341 7.1553875892849 7.17065376409076
"13" "Bermuda" 9.98651225435932 10.0136799855335 10.0408346024371 10.0679482706747 10.094944471583 10.1216532473524 10.1477577495728 10.1729224178324 10.1968800906854 10.2193914862346 10.2402403927618 10.2593452423417 10.2767933939238 10.2926697475545 10.3070695405986 10.320072849579 10.3317003117597 10.3419772343182 10.3509664655742 10.3588396901071 10.365891668326 10.372506221538 10.3790563320913 10.3858474323027 10.3930237081314 10.4006163459411 10.4085497663746 10.4166927295335 10.4249039775008 10.4330613328137 10.4410801586142 10.4490549801963 10.4570652319929 10.4651234514785
"14" "Bhutan" 5.37669148532557 5.42624292479807 5.47594491538764 5.526037132388 5.5767473696028 5.62832060717239 5.68092239578354 5.7346115644088 5.78928305112699 5.84465430491846 5.90003359544979 5.95464760582199 6.00797582473371 6.05965561487987 6.10938907005868 6.15699636520104 6.20244509866877 6.24562536864157 6.28644807541943 6.32515447665639 6.36208092378091 6.39769846744276 6.43250712168835 6.46699647768033 6.50153603016175 6.53631365993084 6.57132325110609 6.60644681729659 6.64146730102266 6.67632345230417 6.71102837223756 6.74565809100298 6.7803090932297 6.81501979203444
"15" "Bolivia" 7.9156425240914 7.92597517288599 7.93611732628368 7.94570277919304 7.95423455893422 7.96118051441345 7.96600874533252 7.96826038764782 7.96766539845646 7.96420516561343 7.95806430116439 7.94964523291253 7.93953561304134 7.92850650830154 7.91742410658322 7.90706728095802 7.89811376463098 7.89109541130905 7.88630310294169 7.88386358264755 7.88377252127697 7.88593218058339 7.89017639191256 7.89629944210647 7.9040306803413 7.91306515439831 7.9231032239652 7.93387348289433 7.94513877840159 7.95671105698506 7.96845236130035 7.98027728838981 7.99213550426787 8.00400455813795
"16" "Botswana" 7.19292493238056 7.27324903047696 7.35328268092245 7.43258745562154 7.51071147743267 7.58719344078552 7.66163758046496 7.7338837766359 7.80389799636986 7.87182217665263 7.93792093557201 8.00255592180353 8.06605535846401 8.12841870865961 8.18955722427554 8.24937830422271 8.30763264415954 8.36407109355841 8.41835907397097 8.47016463773582 8.51911550678162 8.56506561145523 8.60805394606123 8.64833345203389 8.68637185797875 8.72269262702194 8.75781148559345 8.79215610127994 8.82605226342774 8.85979929593451 8.89362146845082 8.92747190468262 8.96129378844324 8.99511255787576
"17" "Brazil" 8.39220321379445 8.43164566651927 8.47082753349687 8.50929584540931 8.54650720048781 8.5819721314525 8.61526262027424 8.6460187368217 8.67405047369503 8.69929145975814 8.72175492786519 8.74158682797908 8.75914194127788 8.77478918031129 8.78885850502472 8.80147687736624 8.81257103150512 8.82201866828882 8.82977117139094 8.83593465326637 8.84070297367181 8.8444317385894 8.84744896966003 8.85002871182352 8.85233811162462 8.85447126848141 8.85651722362128 8.85852525945963 8.86052103157423 8.86252873685834 8.8645426507165 8.86654120205681 8.86854382980901 8.8705761338082
"18" "Brunei" 10.4350498921875 10.4552043115091 10.4751203288969 10.4942914317629 10.5119979491892 10.5273874711026 10.5395269189053 10.5472998006845 10.5497405204038 10.5462006770347 10.5364298977248 10.5210035147867 10.5010571030991 10.4776532125714 10.4517786080631 10.4243777341892 10.3963505409572 10.3685003674814 10.3414519397848 10.3156877232978 10.2915628036502 10.2692659956828 10.248872042797 10.2304228498659 10.2138782523908 10.1991035102786 10.1858862154976 10.1739543431386 10.1630575775968 10.1530068695456 10.14369085483 10.1349293328029 10.1265106208604 10.1182338481128
"19" "Burkina.Faso" 6.51385344839246 6.52349916327715 6.53320643787973 6.54299386970558 6.55297298706445 6.56324604945249 6.57391426663033 6.58502568588981 6.59654879936974 6.60846286394709 6.62064501742815 6.63288843621848 6.64497977167369 6.6568163337389 6.66840953390364 6.67973566106454 6.69062138098278 6.70086037128699 6.71026905829765 6.71881872582071 6.72667356724296 6.73414016658651 6.74151028609188 6.74915291308147 6.75746620699663 6.76678343800358 6.77742058050242 6.78956532372453 6.80323582594136 6.8183212117313 6.8345286918313 6.85155370950519 6.86910195651558 6.88687915129955
"20" "Burundi" 6.67028791394986 6.68440539329135 6.69857715354167 6.71287579170634 6.72728286641543 6.74178835263583 6.75625763717211 6.77041551047859 6.78396646243646 6.79675533326698 6.80871177526456 6.81981092559072 6.82999742432815 6.83926292781836 6.84754550153988 6.85463845540533 6.86010156876776 6.86343026688293 6.86407556486653 6.86144356070761 6.85517811388232 6.84497740335378 6.83083008748395 6.81312241910008 6.79267985754089 6.77036321726213 6.74690947147749 6.72299286261207 6.69902898535905 6.67520648730755 6.65161507998492 6.62844058423151 6.60561335111104 6.58292424694207
"21" "Cambodia" 6.913508802851 6.83438943686346 6.7554639540416 6.67715823845724 6.60015859549603 6.52505178611156 6.45234846657449 6.38260069389226 6.31655069390545 6.25487895604311 6.19834428113987 6.1475698280138 6.10300131289966 6.06502505818592 6.0339551147145 6.01000521082974 5.99327986436421 5.98370655902954 5.98091667879724 5.98420425734038 5.99287587693123 6.0061913306975 6.0233335072756 6.04352867365818 6.06613763683792 6.09067093701794 6.1168479619795 6.1444037415051 6.17312515572911 6.20285880212593 6.23340859381985 6.264488714352 6.29583492889148 6.32727067953002
"22" "Cameroon" 7.5012460204906 7.53296755431047 7.56487347120279 7.59718261847626 7.63007166247008 7.66365358456896 7.69798099384355 7.73293581361521 7.76816848094877 7.80306833199335 7.83669045007794 7.86784136256093 7.8951642903864 7.91729428710972 7.93321690963573 7.94235885334131 7.94456979972193 7.94027089744095 7.93042735605404 7.91625454952975 7.89913649483424 7.88042126507685 7.86145770346886 7.84349114232302 7.8275640490387 7.81444663222903 7.80452494644765 7.79780673642208 7.79397170753984 7.79253604812267 7.79293991133533 7.79459567267824 7.79696503871129 7.79959966632585
"23" "Canada" 9.59803838626472 9.62219788899188 9.64625935637975 9.67006812745309 9.69343875737448 9.71622553257749 9.73830665718643 9.75955618725818 9.77988487824009 9.79925430914534 9.81768634080317 9.83527769721888 9.85217006276953 9.86854796014839 9.88448931957517 9.89998363794821 9.91501025723714 9.92958537535118 9.94375883401222 9.95765583750414 9.97151565914691 9.98569086789203 10.0005761632777 10.0164747082133 10.0335573804027 10.0518628262759 10.0713606281238 10.0919558393612 10.1134591761472 10.135635383862 10.1582270061513 10.1810201095446 10.2038975193664 10.2267939323388
"24" "Cape.Verde" 7.58062737083015 7.58210987210454 7.58376321846928 7.58591699975505 7.58913086987152 7.59399869351255 7.60124150541261 7.61140104762167 7.62487558867287 7.64190756452719 7.66254993184724 7.68665317216039 7.7138240176115 7.74352222488072 7.77505680781063 7.80780625682992 7.84126414516258 7.87517508713363 7.90949211623942 7.94427977905567 7.97978814814631 8.01639432882732 8.05442359757911 8.09412882068467 8.13561434496538 8.17890645267346 8.22379884697602 8.27003184074166 8.3172038116638 8.36490377456237 8.41277037763965 8.46055212064419 8.5082502242262 8.55591066717839
"25" "Central.African.Republic" 6.92808545294347 6.93191655515801 6.93597613792744 6.94038268815954 6.94503447330959 6.94965186700273 6.95381596497907 6.95698159834971 6.9585404261201 6.95797475899491 6.95513410072565 6.95009779210333 6.94299741576697 6.93400675906001 6.92336099833111 6.91113758928028 6.8974393429604 6.88241616121857 6.86632565287897 6.84946294091836 6.8322546616747 6.81532219865518 6.79948966749595 6.78575064840057 6.77477002711502 6.76685119681035 6.76201265199949 6.7601015829714 6.76067847836903 6.76311468044274 6.76666278981018 6.77074339439897 6.77498865754571 6.77925749270282
"26" "Chad" 6.86722327293929 6.84204760819539 6.81695115097374 6.79215330633081 6.76783695096129 6.74401497152379 6.72078763431925 6.6986451911579 6.67843110758527 6.66117623971489 6.64809171785506 6.63998361648457 6.63713124974632 6.63927549667624 6.64563593308475 6.65517081437036 6.66666696036307 6.67918656855178 6.69194257899134 6.70412105760991 6.71513045826158 6.72462260385413 6.73227572989949 6.73788919099571 6.74144286713239 6.74301212214428 6.7427096468278 6.74079425062832 6.73752902730428 6.73313191096622 6.72790872545621 6.72228608748628 6.71667291518998 6.71124141980845
"27" "Chile" 8.71685159152568 8.71028668463674 8.70374623743768 8.69747907720044 8.69193360001421 8.68761227212764 8.68508955255521 8.68461805739136 8.68615117161806 8.68952864015418 8.6946310351762 8.70154217036228 8.71062456600694 8.72259818047333 8.73811354149547 8.75759832290546 8.78130212255276 8.80924259900014 8.84122519609429 8.87686343922877 8.91562320297945 8.95692710103268 9.00009347744298 9.04437226596374 9.08907734741545 9.13360252498574 9.17741447262682 9.22014923751759 9.26165122202243 9.30198967125063 9.34139938803131 9.38015536708427 9.41853913767077 9.45679184467873
"28" "China" 6.15264560085935 6.19876669032154 6.24504282172397 6.29183283870268 6.33959477932335 6.38888549619135 6.44023933889566 6.49416415086602 6.55102457422477 6.61100792155908 6.67418399153453 6.74055569092182 6.80999407401599 6.88223866599558 6.95697793882862 7.03382130271887 7.112403256324 7.19235902644892 7.27345421909735 7.35560829734096 7.43882096532797 7.5229814986238 7.60794519386173 7.69349595222466 7.77937836121942 7.86526471112414 7.9508917921398 8.03608781113657 8.12075595559564 8.20490931273987 8.28864220327837 8.3720707458425 8.45532571727096 8.53851257241993
"29" "Colombia" 8.19065090789945 8.21692382574578 8.24309886925417 8.26902257213564 8.29452903390584 8.31947380046748 8.34373579152022 8.36717824347861 8.38965705145692 8.41100758981052 8.43115015991732 8.45012668333915 8.46810387267055 8.48532349570082 8.50202888819868 8.51840047804725 8.53454767461511 8.55049561887394 8.5662180594314 8.5816674063998 8.59678725943036 8.61151848862891 8.62581486904118 8.63961379609454 8.65283027608424 8.66535490244068 8.67707762192841 8.68793220321899 8.69792826361851 8.70718075784173 8.7158772663397 8.72420489011825 8.73234280450882 8.74041765152697
"30" "Comoros" 7.41706960598805 7.43233669676913 7.44759829276556 7.46279071139423 7.47798366139851 7.49309440943962 7.50785966546913 7.5221887687714 7.53603812676724 7.54924767630629 7.56153371695073 7.57257616183032 7.58200972159947 7.58946197927712 7.59462180104012 7.59720061648087 7.59680989130175 7.59309442757821 7.58581629562552 7.57483201564087 7.56015988681689 7.54193840968354 7.52037399730433 7.49577695440945 7.46848105930973 7.43889319307156 7.40748215364896 7.3746624876122 7.34083954269709 7.30638865627389 7.2716136409306 7.23672574378795 7.2017930345256 7.16682679096573
"31" "Congo..Dem..Rep." 7.33854691735043 7.30983035022801 7.28091200387132 7.25158696757074 7.22165113965173 7.19111598814213 7.16018687508967 7.12915234350154 7.09815421757163 7.06716840149591 7.0360167234192 7.00450546287802 6.97247836414673 6.93977223858698 6.90588442729632 6.87020249689783 6.83201388701628 6.79058439338223 6.74533431707729 6.69587182189176 6.64202349028852 6.58383809575237 6.52196219157593 6.45756652070386 6.39187522470848 6.32579002866272 6.25999052857983 6.19486882009712 6.13064435529142 6.06748271089474 6.00558450968462 5.94501699488305 5.88554277912937 5.82669311619773
"32" "Congo..Republic.of" 7.13037073283975 7.18388630773995 7.2373725766543 7.29096314516665 7.34479585027425 7.39899887744311 7.4534247312942 7.50773406084721 7.56137770539752 7.61346047514071 7.66273954084975 7.70779900051535 7.74717743063655 7.7797585987271 7.80491321660944 7.82243227699154 7.83252787307791 7.8357058751537 7.83248533261213 7.82329472073533 7.80846279168886 7.78822058164492 7.76297997857962 7.73310715055842 7.6991328649968 7.66138759083432 7.61990015217859 7.57474165665401 7.52616631085706 7.47477509590754 7.42196149787089 7.36873543226666 7.3154505103555 7.26215824124106
"33" "Costa.Rica" 8.69652085918137 8.70732938535821 8.71800023527087 8.72826304186451 8.73779735011628 8.74627484776697 8.75339834630957 8.75889930280089 8.76254832523483 8.76429533883402 8.76433229959962 8.76311458664771 8.76131152083477 8.75968520113063 8.7588551884904 8.75927899894607 8.76134844568554 8.76535970482367 8.77152165403573 8.77995356442657 8.79068978698952 8.80369771679594 8.81885902723223 8.8359123431247 8.85453448508954 8.87441188443235 8.89526534092398 8.91685762732961 8.93894023381271 8.96125047021319 8.98355978823096 9.00580375336304 9.02803151842296 9.05027846853863
"34" "Cote.d.Ivoire" 7.5771732696453 7.59009805911182 7.60297107602143 7.61578724063975 7.62855027892071 7.64118122238185 7.65339269191611 7.66487830798639 7.67540599455161 7.68476804549017 7.69294309677544 7.70011220413176 7.70630643668505 7.71138781211689 7.71532519454806 7.71804423699644 7.71939551695687 7.71919972276917 7.71737044361226 7.71387694954726 7.70872257229868 7.70225912019514 7.69497525232998 7.6873557380545 7.67986895959926 7.67286714576377 7.66644822315134 7.66053917790874 7.65498522673111 7.64958729847205 7.64417149716067 7.63865183878228 7.63304002691035 7.62738553269421
"35" "Cuba" 7.84174822640943 7.89546342161599 7.94930319442725 8.00350719601334 8.058345277402 8.11400622367008 8.17043555562157 8.22741726927507 8.28454585645095 8.34135861176259 8.39735331335218 8.4518889804096 8.50390440309429 8.55222209562491 8.59570642039151 8.63324848263856 8.66370988218678 8.68648220220099 8.7014624985498 8.70901318401866 8.70996157521086 8.70557643357427 8.69738582595655 8.68713682428961 8.67647445863218 8.66659285764005 8.65829193052528 8.65198763365894 8.64782437270987 8.64565543400436 8.64508838820898 8.64563643893853 8.64682001612636 8.64824903645239
"36" "Cyprus" 8.52971565174946 8.5687405218186 8.607888069929 8.64756011195299 8.68846393765183 8.73154414895091 8.77743704882178 8.82604847086091 8.87693030803202 8.92955612488175 8.98342177599556 9.03809163881588 9.09322829869901 9.14853930595219 9.20375362131313 9.25861596026264 9.31287141539294 9.36623623633555 9.41836540810583 9.46892547232066 9.51770610814176 9.56461967218527 9.60976099953759 9.65329075535757 9.6954530835997 9.73642390398357 9.7763103125802 9.81527420215726 9.85348052967312 9.89106949742398 9.92816141401956 9.96488810753005 10.0013761766078 10.0377679515859
"37" "Denmark" 9.72090328306012 9.73432363418688 9.74771468279839 9.76103041554049 9.77427252572091 9.78753130031718 9.80090084448108 9.81438827408992 9.82803040986363 9.84187791366573 9.8559966598222 9.87050359108685 9.88550864085694 9.9010196226385 9.91697393277638 9.93324621607989 9.94970116312525 9.96624302802429 9.98287664817748 9.99966272414757 10.016704618481 10.0341071122018 10.0519529598079 10.0702840003774 10.089097747782 10.1082838256163 10.1277085371468 10.1472378705718 10.1667475033883 10.1861490949482 10.20538695474 10.2244397193395 10.2433569883094 10.2622159757753
"38" "Dominica" 8.3132408984839 8.31040545236656 8.30775188011647 8.30575635848436 8.30520139353469 8.30703254148917 8.31205733077451 8.32076659328234 8.33351126303508 8.35055552838189 8.37214306337715 8.39814086299229 8.42784205192023 8.46045654494956 8.49523256937116 8.53150773002716 8.56861480256126 8.60586194926621 8.64269820173723 8.67876332339747 8.71386714753639 8.74776604048657 8.78025573822617 8.81105495825263 8.84005079650143 8.86725827476705 8.89272378922013 8.91645877018524 8.93849459794631 8.9588933824207 8.97786703727729 8.99579206813259 9.01312907555469 9.03021905283924
"39" "Dominican.Republic" 7.96870772845819 7.99906560761411 8.02931026544435 8.05924045900598 8.0886114014656 8.11723225074722 8.14502137202459 8.17189925768733 8.19777185696108 8.2225248438007 8.24598864854461 8.26791813634298 8.28813924602879 8.30667108853434 8.32374627760784 8.33980653115639 8.35542170480622 8.37116757604064 8.38762936674734 8.40539591846036 8.42501939925645 8.4469970739058 8.4715816589695 8.49875802996572 8.52840814569695 8.56034810270088 8.5943262992393 8.6299803378046 8.66691225191903 8.70472033461339 8.74305754821227 8.78163468439521 8.82025277186738 8.8588217071437
"40" "Ecuador" 8.00855740173462 8.06069789832693 8.11253339354651 8.16334713908937 8.21213392442357 8.25795928928164 8.30001396086445 8.33760048237921 8.37019939341278 8.39751502759754 8.41946664901248 8.43618239282422 8.44800413600459 8.45548333586261 8.45930624517472 8.4601475407314 8.4586667544786 8.45550074644349 8.45126963983368 8.44634424060414 8.44104900451659 8.43559172008762 8.4300808947264 8.42456602997838 8.41905432402874 8.41349977244126 8.40784425842587 8.40203907418508 8.39606329171686 8.38996606792772 8.38383154647194 8.37770794407074 8.37160820695005 8.36552778766098
"41" "Egypt" 7.48797113242102 7.51570665089114 7.54358585398181 7.57184723499361 7.60084551048026 7.6308442326146 7.66197883270594 7.69408589492922 7.72690115672697 7.76019702127821 7.79371347588592 7.82717944650132 7.86047100142146 7.89350569760199 7.92621580014589 7.9585657078752 7.99053784085273 8.02211645093827 8.05328929840524 8.08407136089138 8.11446128253878 8.14447561609523 8.17416214031223 8.20360809986621 8.2329131046705 8.26213032139386 8.29124872975567 8.32018024158588 8.34890745931675 8.37740620575883 8.40566805431458 8.43372862953403 8.46165879529554 8.48953476908118
"42" "El.Salvador" 8.27051318763443 8.27487884192022 8.27910893147444 8.28291637572446 8.28594266857187 8.28781407196661 8.28816964181551 8.28675266195868 8.28349113834233 8.27855233633937 8.27242906631765 8.26582751490768 8.25950392028881 8.25413959725433 8.25027558019445 8.24829635624396 8.24848130922897 8.25105473469296 8.25616460304074 8.26388588307027 8.27419923842432 8.28693872810591 8.30180515761598 8.31836383133371 8.33611094111685 8.35455056833503 8.37324416482621 8.39188074055449 8.4102635619595 8.4283066952823 8.44600012863858 8.46340618543044 8.48062751421356 8.49776998590378
"43" "Equatorial.Guinea" 7.27292334992829 7.31384552422362 7.35433651806698 7.39345873014237 7.42970398324814 7.46125267249178 7.48607947542742 7.50257154727735 7.50995946215404 7.50850186909994 7.49928021818685 7.48381146133037 7.46382772780695 7.44120766377529 7.41802766567985 7.39649259703893 7.37891917329134 7.36776260532684 7.36544505117663 7.37416176221347 7.3960905713103 7.43323949723566 7.48757501264812 7.56087322911679 7.65496564508796 7.77115951867665 7.90873031959921 8.06487368484103 8.23549836791905 8.41687674747004 8.60570682017839 8.79909361768774 8.99457469700204 9.19047656042586
"44" "Ethiopia" 6.20579376170643 6.20332521834854 6.20076996392901 6.19801551367061 6.19497118013036 6.1915986513567 6.18790855423906 6.18391508703084 6.17967979006579 6.17529120243056 6.17082390413666 6.16641714702919 6.16234618885702 6.15908166232952 6.15724694470032 6.15770534810831 6.16128724406037 6.16876344781697 6.1808494087588 6.19758119507906 6.21888674876136 6.24435370127376 6.27337094531471 6.30491771231972 6.33807510274552 6.37212584299229 6.40648120543343 6.44064569065444 6.47428302917138 6.50721862214775 6.53935563512471 6.57078740583723 6.60172557095947 6.63241465758732
"45" "Fiji" 8.13725234302317 8.16210841481513 8.18674978289045 8.21080415163938 8.23380460898504 8.25545815354059 8.27557023344037 8.29398975870613 8.31060395076053 8.32531686654734 8.33805803247449 8.34904204318991 8.35864795810906 8.36731191917175 8.37549616691688 8.38347942622221 8.39153084128267 8.39998017626828 8.40895016492543 8.41837520552595 8.42785906667296 8.43673879383587 8.44465771892034 8.45155546849313 8.45749392506584 8.4625295509451 8.46673975441914 8.47021213154669 8.47316871756715 8.47583499446802 8.47842523259228 8.48109062253484 8.4838555283826 8.48665617444064
"46" "Finland" 9.39926533837271 9.42559958869539 9.45187616636606 9.47794888363974 9.50365946655586 9.52890906309155 9.5537225171769 9.57817134515894 9.60226223509266 9.62592610948499 9.64897232469949 9.6711774102115 9.69235867352107 9.71236374013845 9.73108413685711 9.74844763329301 9.76442952206125 9.77904119103763 9.79232821518954 9.80441254899495 9.81558671689252 9.82642725564848 9.83771582640752 9.85019343593793 9.86440510006013 9.88059246131306 9.89875456880321 9.91871488861057 9.94012565558183 9.96258846592389 9.98574405349694 10.0092761347948 10.0329838435124 10.0567418174633
"47" "France" 9.52929007109974 9.55287388777234 9.57638501649035 9.5997142848191 9.62274820664319 9.64542745859433 9.66773780216233 9.68962321174894 9.71103165127228 9.73191905711904 9.75226571169119 9.77209620566713 9.79146508260678 9.81042680511323 9.82905299742945 9.84740771669968 9.86552220086151 9.88338868324331 9.90097292267314 9.91821493254118 9.93508168312385 9.9516054132337 9.96789632199184 9.98411291521912 10.0004505179402 10.0170504505955 10.0340023688888 10.0513521502457 10.0690715451672 10.0870646037556 10.1052108161989 10.1233974983078 10.1415699664497 10.1597251807028
"48" "Gabon" 9.80488590986947 9.80506681394683 9.80467847722949 9.80266058517973 9.79785997144729 9.78920844486601 9.77603818251968 9.75803345935771 9.73610586038817 9.71173952426625 9.68611791919509 9.66011679184059 9.6345573383084 9.6099962800945 9.58681860177846 9.56525596410405 9.54546570359004 9.5275611360659 9.5115081931722 9.49707109510991 9.48379561475855 9.47103022367461 9.45810455035597 9.44439093366925 9.42927332305373 9.41219887920869 9.3928435686637 9.37112343592257 9.34720966117482 9.32145360435646 9.29438536519932 9.26652193074628 9.23827754337421 9.20992212409814
"49" "Gambia..The" 6.83254033070085 6.8353235330983 6.83809493571605 6.84075773649699 6.84305296800892 6.84468811082409 6.8453871172527 6.84506745700529 6.84379077869226 6.84180479384654 6.83934933101428 6.83648884927242 6.83316142030451 6.82920359694058 6.82457295206761 6.81933238438221 6.8135661783683 6.80732758649281 6.80073639401692 6.79393861333038 6.78713544046308 6.78060242470807 6.77468777338169 6.7697671396609 6.76625726056831 6.76457652465991 6.76502979225653 6.76763534999986 6.77217061481746 6.7781664030638 6.78503908740077 6.79233537847694 6.79979067832641 6.8073352959076
"50" "Germany" 9.5312393505576 9.55304457659002 9.57480628212292 9.59645953297123 9.61795867135453 9.63932140377359 9.66055954886671 9.68160734502339 9.70238950730868 9.72284540382796 9.74295510036783 9.76279726655725 9.78252569533305 9.8023072547894 9.82224844108558 9.84239734165497 9.86275484283124 9.88326622785743 9.90383500595371 9.9243038077272 9.94448124597103 9.96416630909398 9.98321042479946 10.001566230203 10.0192795303761 10.0364078281624 10.0530275428972 10.0692263120286 10.0850751089152 10.1006255959967 10.115917218063 10.1309852052451 10.1458976988757 10.1607436985481
"51" "Ghana" 7.07526263747473 7.07001074323115 7.06444157807549 7.05813658663195 7.05118307546721 7.04394098050274 7.03694826065112 7.03059047144306 7.02508726189404 7.02024276566672 7.01598417142325 7.01239308058421 7.00960727553693 7.00780838846577 7.0073396484172 7.00839700868165 7.01111794868026 7.01542363843696 7.02120087192671 7.02828598313862 7.03655061115994 7.04591793056428 7.05634541384089 7.06780660013838 7.08034974223616 7.09406692298377 7.10900458894166 7.12524903683191 7.14289011252744 7.16177355951485 7.18162398327167 7.20202962433649 7.22272126581853 7.24348578440974
"52" "Greece" 9.11769039655561 9.14238022419079 9.16681765208766 9.19061277193292 9.21340767751013 9.23500019031605 9.25510246023746 9.2734185027328 9.28973106613128 9.30389642644668 9.31594354374361 9.32608628300844 9.3346822030898 9.34214442477589 9.34887746858474 9.35521892815769 9.36145949324008 9.36787735159114 9.37472556566907 9.38215173502297 9.39028035125984 9.39927681853856 9.40931325984477 9.42060300921828 9.43336984604421 9.4477529492175 9.46379944891552 9.48145785753982 9.50057758914796 9.52093741814865 9.54226633238203 9.56426395937418 9.58663814500424 9.60915673954847
"53" "Grenada" 8.00185349805393 8.0180966123276 8.03436387529109 8.05069099763236 8.06711097911198 8.08364537437354 8.10031098904627 8.11712188786065 8.13407906882653 8.15118026141571 8.16853684619081 8.18621320665308 8.20428175443545 8.22262323326519 8.24104274947052 8.25933359265525 8.27745386342119 8.29566398652136 8.314541556678 8.33443817991481 8.35554092367046 8.37792121193912 8.40162031475033 8.4266613311445 8.45310877588091 8.48096562412277 8.51012232219614 8.54040101557544 8.57153757959126 8.60321545008171 8.63517930518787 8.66722693681841 8.69927336405034 8.73129828388241
"54" "Guatemala" 8.11037401699692 8.12436651816146 8.13822251092115 8.15165949923768 8.16438283771209 8.17610923218327 8.18655511123685 8.19543472989984 8.20244376057425 8.20733425767935 8.20993532062427 8.21024905449111 8.20852950722524 8.20521431736154 8.20083338347194 8.19594633518945 8.19108528321716 8.18671625389799 8.18321337429055 8.18081614786278 8.17966777613211 8.17984493703246 8.18137657831482 8.1842375618548 8.18831256796212 8.19343310977911 8.19939408686574 8.20598400000212 8.21300836227884 8.22026677149624 8.22759547263244 8.23490253889294 8.24217276559718 8.24942947261382
"55" "Guinea" 7.78113516357963 7.78205791023805 7.78290015987663 7.78355679854562 7.78385511460635 7.78352654687308 7.78227955727805 7.77982014125902 7.77601813090011 7.77078726854167 7.76417771962043 7.75633576958008 7.74760250861353 7.73845214297058 7.72952402703117 7.72146027461332 7.71477753346463 7.70982166632623 7.70683047339847 7.70594589494529 7.70734266046435 7.71120864152724 7.71769988861993 7.72688643692795 7.73877120654561 7.75328829558283 7.77018419753427 7.78913128261605 7.8097529711231 7.83164966178425 7.85449987698723 7.87801590373861 7.9018795958968 7.92584930175524
"56" "Guinea.Bissau" 6.52540740855103 6.52027373237116 6.51516846643852 6.51011866290796 6.50495978864661 6.4993759200902 6.49303376648142 6.4859397036822 6.47831264644667 6.47055544629698 6.46307221306437 6.45630453276453 6.4500995514711 6.44430045610238 6.43874484357728 6.4332828471343 6.42787862528321 6.42252321247415 6.41727029251784 6.41219064335721 6.40731909139294 6.40280989977869 6.39895988519065 6.39622754574558 6.3943706158463 6.39288993745982 6.39138773005598 6.38960435662781 6.38755858884219 6.38556828984478 6.38347879255604 6.38091490536824 6.37813392187689 6.37533401705565
"57" "Honduras" 7.56248063502428 7.57963616742316 7.59668983086888 7.61359210237921 7.63039562472138 7.64721596855179 7.66391493522093 7.68018770566979 7.6956913360029 7.71004893712483 7.72294126899942 7.73416494846265 7.7435644957481 7.75111192780336 7.75692540281432 7.7611450991256 7.76386863391639 7.76519617483799 7.76521454228661 7.76403876914052 7.76180890682257 7.75875946932355 7.75514256933895 7.75117068929811 7.74708664726896 7.74313968947513 7.73941604012165 7.73590033540467 7.73256273432693 7.72942010169589 7.72654503614029 7.72388562104635 7.7213587705559 7.71887732221728
"58" "Hong.Kong" 8.85459378667922 8.91573482585572 8.97686937716482 9.03800002129157 9.09916859967043 9.16052757024678 9.22214158004849 9.28383896805387 9.3453050052377 9.4062140382735 9.46630439411582 9.52535024549788 9.58320375975297 9.63980551157356 9.69508604568041 9.74891098387185 9.80110419757676 9.851330741303 9.89916523049279 9.94423061762473 9.98625346676035 10.0250013817983 10.0602737085222 10.0919362319412 10.1199696918082 10.1445025496467 10.1658372009775 10.1844131012085 10.2007786051652 10.2156135931785 10.2294608153277 10.242676068281 10.2555722478873 10.268366488779
"59" "Hungary" 8.70433460773928 8.74200011055856 8.77953638120879 8.81665402586345 8.85303250611286 8.88840058781582 8.92250796377804 8.95510018082537 8.98592357918813 9.0148007965241 9.04152166596752 9.06596535408999 9.08802754655062 9.10763941821062 9.12479684471628 9.13954334384857 9.15200159622967 9.16235732543394 9.17088367189903 9.17801236171095 9.18435506402722 9.1906843590561 9.19785942167178 9.20653015057365 9.21712396211311 9.22996041645296 9.24518952350314 9.26279285067587 9.28256153553814 9.30415553528469 9.32715313349153 9.35109567418372 9.37555629830458 9.4002012959504
"60" "Iceland" 9.40934811299511 9.45039463524832 9.49121007506938 9.53158305276539 9.57123937868031 9.60991511350482 9.64744308133153 9.68361613805285 9.71810664734651 9.75061882545985 9.78092365786295 9.8088719488156 9.83443382932274 9.85770745516367 9.87888064286077 9.89808487856476 9.91541529913084 9.93093565644875 9.94475695994165 9.95718213786174 9.96864005041322 9.97962972932704 9.99069534294375 10.0023725188664 10.0150549396771 10.0289617133716 10.0441764939338 10.0605884541777 10.0779605979252 10.0959948876103 10.1144128435071 10.1329843726363 10.1515881536431 10.1702146045524
"61" "India" 7.00691575961289 7.02481227404899 7.04281990948661 7.06118565446459 7.08018741706722 7.10009717870932 7.12105299193104 7.14312272066493 7.16630559002473 7.19057449122475 7.21594260806952 7.24234249098117 7.26968617463227 7.29787593445101 7.32679860345131 7.35630500530656 7.38624316712246 7.4164846325672 7.44693036199588 7.477539026838 7.50836923071173 7.53958131852016 7.57143506388735 7.6041709845475 7.63797083654606 7.67292284687072 7.70899243806355 7.74609154705926 7.78407833000153 7.82273586229052 7.8618113578058 7.90114683137808 7.94062974877332 7.98016961896347
"62" "Indonesia" 7.24343706686645 7.28502434870134 7.32638798884341 7.36713802086954 7.40687523885356 7.44536922961102 7.48249138599832 7.51814483204148 7.55235192927633 7.58531451955252 7.61743826991229 7.64924967450374 7.6813352945713 7.7142530296947 7.74830969042028 7.78364582393498 7.82032307035392 7.85820033309461 7.8969559778423 7.93609804369396 7.9750607740661 8.01327521048079 8.05018087654056 8.08530076329958 8.11829656593303 8.14899432831836 8.17737903367751 8.20360009220105 8.22803978844723 8.25128018949431 8.27380778225144 8.29594949656938 8.31793605239107 8.33988254290874
"63" "Iran" 8.89504043872467 8.87762245943614 8.85962955262088 8.84025962187195 8.81874847724171 8.79463492004885 8.76768220681385 8.73782495146629 8.70562989750364 8.67195531762112 8.63788585324977 8.60470590491245 8.57360572622068 8.54532331695524 8.52034296374886 8.49907090239595 8.48201249716278 8.46981935051653 8.46301341887108 8.4618469606496 8.46619564221755 8.47550661431563 8.48904612205267 8.50598723215626 8.52560273578688 8.54726330771654 8.57055920394731 8.59513129321606 8.62066696538367 8.64685857505421 8.67346466515028 8.70029759089097 8.72725373026578 8.75423368949954
"64" "Iraq" 7.65755624313711 7.68841273197191 7.71913192582933 7.74947795371177 7.77878799324323 7.80619405877604 7.83055455194228 7.85047870344129 7.8648669970674 7.87279755340325 7.87392875187478 7.86874728030384 7.85837361106116 7.8432994338602 7.82351356273529 7.79925028031717 7.77086453389572 7.73865079744924 7.70316166782752 7.66564067833767 7.62809164001187 7.59311873074295 7.5638539655293 7.54153405361411 7.52610038402357 7.5171645840422 7.51405286796651 7.51530591061987 7.51965056772233 7.52502647043473 7.52973349420674 7.53295804581762 7.53456705603895 7.5351244019264
"65" "Ireland" 8.98712150795802 9.01204716354498 9.03689441686842 9.06150783751131 9.08573914997349 9.10949931960599 9.13274015221282 9.15539720487568 9.17737643607302 9.19864533212604 9.21932988499136 9.23973936055443 9.26030978621432 9.28160367951112 9.30423387270829 9.32876604531128 9.35571615049027 9.38553876351555 9.41855901472469 9.45496334047998 9.49481852050439 9.53812702308304 9.58492342460375 9.63520322605281 9.68886466612421 9.74563506232081 9.80506900413987 9.86663257493147 9.9297428685419 9.99386471287866 10.0585220188421 10.1233827233919 10.1882797860913 10.2531657892421
"66" "Israel" 9.43249814163157 9.44902546034081 9.46533704442632 9.48112726553541 9.49612556487756 9.51022129206554 9.52347243885057 9.53611504503047 9.54843232068696 9.56064221453842 9.57296130226862 9.58563276213828 9.59883705890311 9.61275909454256 9.62757667968082 9.64347687836954 9.66056556924017 9.67883072529871 9.69817367433455 9.71852969149242 9.73983210198254 9.76190484403017 9.78450575584848 9.80736420752068 9.83019843176162 9.85270307497751 9.87460454344501 9.89571328137834 9.91595267054321 9.93532831956812 9.95391032948841 9.97180675044334 9.98926462762384 10.0065527014523
"67" "Italy" 9.35888804727802 9.38690087551857 9.41491176940684 9.44287387689364 9.47068559700812 9.49826806437025 9.52561130796999 9.5526305328948 9.57924645784451 9.60536051918648 9.6308667936813 9.65571713774595 9.67994382131443 9.70360774436469 9.72674991322324 9.74935798008149 9.7713776905126 9.79272972187484 9.81331760265898 9.83304805177599 9.85187570243101 9.86982526634241 9.8869912608644 9.90352491826664 9.91960457590995 9.93535608161082 9.95086258021565 9.96619392781637 9.98139041297449 9.99647287122247 10.0114492471364 10.0263182258557 10.0411016245796 10.05584522214
"68" "Jamaica" 8.45093610184903 8.43579928172143 8.42051412879908 8.40487121171515 8.38884255452916 8.37260699570204 8.35649703865574 8.34091647743565 8.32632437527366 8.3132283051162 8.30219628962622 8.29376469927413 8.28827391739723 8.28591129301939 8.2867127725955 8.29067943093062 8.29770129136175 8.30742682328273 8.31924585659032 8.332493446599 8.34645102812551 8.36045197172966 8.37396267787918 8.38653241513085 8.39785197767343 8.40780681456853 8.41643351470501 8.42387783276 8.43033534825913 8.43600506263221 8.44113785376615 8.44594703854287 8.45058422095512 8.45515953530784
"69" "Japan" 9.35510867055882 9.38440984754422 9.41366030186484 9.44276376282519 9.47167282988845 9.50048320549315 9.52928810376875 9.55814316549277 9.58706262689869 9.61602639992425 9.6450183338185 9.67406964074309 9.70322354790953 9.73251463365892 9.76194337078863 9.79142194369848 9.82076028048106 9.84970523293234 9.87792895482304 9.90503879347767 9.93066431370988 9.95450939760234 9.97640703535139 9.99633342081913 10.0143652810938 10.0306256706587 10.0452549593755 10.0584116316645 10.0703144267617 10.0812445676709 10.091478120285 10.1012460692873 10.1107621585976 10.120196073556
"70" "Jordan" 8.24672441428577 8.25200585019119 8.25755670643913 8.26376552239496 8.27115537415414 8.28019837786858 8.29119206273929 8.3039670967036 8.31808404339561 8.33265979136521 8.34675234667684 8.35946138005195 8.37000946668101 8.37760421516135 8.38153641968327 8.38122234138681 8.37640162955911 8.36718272360487 8.35420149973378 8.33860144040236 8.32191249524188 8.30559224295999 8.29072193375056 8.27795346943653 8.26752871784882 8.25933196678351 8.2530517144325 8.24832386601099 8.24473500818036 8.24191700612188 8.2395695545862 8.23745426579151 8.23540683487261 8.23334449197987
"71" "Kenya" 7.05323172694192 7.05895646532002 7.06463262967976 7.07019784639846 7.07566496245145 7.08101324081943 7.08631791542289 7.09163696514954 7.0969171647124 7.10204811659871 7.10697901484116 7.11173322581956 7.1164150088156 7.12115036661982 7.12607495583305 7.13123558098686 7.136578504932 7.14183883327526 7.14671053705357 7.15089269073679 7.1541561455368 7.15638229174438 7.15758818357041 7.15789314464419 7.15740820524722 7.15619215310927 7.15425889850343 7.15162024419527 7.14833041379771 7.14449899713944 7.14026199088277 7.1357280021245 7.13101741351933 7.12625307582193
"72" "Kiribati" 7.96641957170873 7.9376034480599 7.90806773566762 7.87634671387021 7.84053870433013 7.79882218533751 7.75043425457774 7.69586827920796 7.63617585415035 7.57294500980949 7.5084398680136 7.44547224459534 7.38599132459167 7.33127868760061 7.28230007162915 7.23954656105875 7.20330611508191 7.17361638764739 7.15032498259662 7.13301593837316 7.12141623122163 7.11514491685621 7.11372547138135 7.11670028570938 7.12352640059767 7.13354328710789 7.14609129691613 7.16055465418863 7.17634036644032 7.19291882004802 7.20984505569565 7.22687913780351 7.24392386827936 7.2609689884747
"73" "Korea..Dem..Rep." 6.04217528593218 6.13369821804327 6.22516093839482 6.3164200465779 6.4072655457728 6.49741038254263 6.5864608681321 6.67391628418103 6.75918892985066 6.84163636082307 6.92060003712987 6.99542073381944 7.06543654809015 7.12995785156823 7.1882086269968 7.23944295562585 7.28308276207739 7.31874001693674 7.34620473215551 7.3655501793647 7.37713524401237 7.38159976034641 7.37986352207395 7.37294183888079 7.3620279970298 7.34830584563183 7.33289405485555 7.31674728474657 7.30059300093065 7.28481652135348 7.26948887562628 7.25455778612906 7.23986995199522 7.22528019918721
"74" "Korea..Republic.of" 7.86403432308699 7.9239702350482 7.98392463469044 8.04393865772662 8.10399889045549 8.16410532917153 8.22429659512099 8.28457233700599 8.34495037110203 8.40552340258447 8.46653662208218 8.52840568199852 8.59144071794042 8.65578251364555 8.72138987957596 8.7880937919214 8.85562303077359 8.92356428761076 8.99140543528424 9.05860520114581 9.12465582280806 9.18907756316068 9.25150056640868 9.31170516107325 9.36956332178014 9.42502022551515 9.47814485770672 9.52917674782315 9.57854760463371 9.62682970246822 9.67438112828737 9.72145972868898 9.76829129886728 9.81502375425004
"75" "Kuwait" 11.0875260806756 11.0019661360462 10.9163788457822 10.83091164644 10.7460661494122 10.6625527417628 10.5810568963807 10.5020133369873 10.4258718630634 10.3531546758372 10.2845884934996 10.2214963932239 10.1652274458127 10.1169060682956 10.0773838119969 10.0471346579591 10.0262849270846 10.0145951270547 10.0114816554432 10.0160685070161 10.02715756575 10.0435580222236 10.0632770414504 10.0841942138014 10.1043774678477 10.1225383420951 10.1379110883167 10.1502428178388 10.1597500239681 10.1669424260434 10.1725325811209 10.1771671193943 10.1813914177458 10.1855758442484
"76" "Laos" 6.87900361038166 6.87445341650897 6.8699732405401 6.86575925754508 6.86218833313019 6.859746901011 6.85903323753202 6.86071275928157 6.86536367373058 6.87342292879911 6.88496539054068 6.89982577643973 6.91761035049336 6.9378665217228 6.96013020933658 6.98383884238423 7.00833169619377 7.03305461725029 7.05753907216771 7.08120573357321 7.10338885909266 7.12362520005533 7.14163637483072 7.15728945357352 7.17061321981663 7.18171608884201 7.19081876625363 7.19824730613104 7.20447884883079 7.21016293348064 7.21570576419889 7.22136882929154 7.22721625151088 7.23311343350412
"77" "Lesotho" 6.58242885685871 6.62554508303878 6.66862580057804 6.71151539348212 6.7538547576454 6.79545149502813 6.83628992684679 6.87607220626471 6.91423225583743 6.95013109792867 6.9835765165339 7.01428514502239 7.04230050840797 7.0678779122072 7.0913887999493 7.11327279628379 7.13390326893102 7.15361520712863 7.17284388639592 7.19210356798394 7.21199832059621 7.23310259324384 7.25592025149432 7.28070230829556 7.30733031850304 7.33552022965156 7.36488771018356 7.39498814081864 7.42538188002352 7.45573166094484 7.48593188133584 7.51600737691999 7.54605365634917 7.57616749003569
"78" "Liberia" 7.68520599659281 7.66580705575295 7.64617449851967 7.62596227034641 7.60473032339873 7.5821259649144 7.55779857046587 7.53089524488786 7.50024866205997 7.46439031604952 7.42177515711764 7.37090554353908 7.31031507636288 7.238763373654 7.15550643066254 7.06015812219545 6.95300107441608 6.83515962572641 6.70868431326971 6.57669496331146 6.44353984519235 6.31429032921779 6.19369096249085 6.08646429571254 5.99641210698327 5.92558687389282 5.87391037135368 5.83933805136389 5.81821809868716 5.80681443096178 5.80164642958215 5.79974976094255 5.79905073611046 5.79844603022555
"79" "Luxembourg" 9.7382863383506 9.7569425425264 9.77557878643867 9.79414956968073 9.81266782079112 9.83132997551378 9.85055260411792 9.87073042755012 9.89223512775813 9.91540126267791 9.94056183094976 9.96805488063038 9.99817308863402 10.0310769229999 10.0667426997353 10.1049529821055 10.1453578631054 10.187448512663 10.2306852365023 10.2744779221106 10.3182765925574 10.3616773352694 10.4044168398604 10.4464500484472 10.4878489746136 10.5287622657327 10.569376135959 10.6098059266214 10.6500378124194 10.6900057693623 10.7296370567091 10.7689069672718 10.8079253826613 10.846838937992
"80" "Macao" 8.89073962585238 8.95866812785148 9.02650563910291 9.09405024789917 9.16101325932875 9.22704363229684 9.29175624002325 9.35476115480855 9.41569727867095 9.4742753010369 9.53030449359463 9.58370539561474 9.63449126679563 9.68274874076555 9.72861373361822 9.77222066068228 9.81370515845384 9.85307503555936 9.89019214693566 9.92493611286169 9.95723352074136 9.98704700617506 10.0144279717923 10.0394131119778 10.0621289448809 10.0828047523648 10.101776528604 10.1195157850888 10.1365876295711 10.1535693838894 10.1708943162247 10.1887177299674 10.2070054824055 10.2255364935692
"81" "Madagascar" 7.25076774398517 7.2266046542065 7.20239218810276 7.17811523879609 7.15383407666141 7.12961828220277 7.10556628784157 7.08181469981049 7.05839372457682 7.03529674040416 7.01248138774945 6.9900571880504 6.96827541908622 6.94731909554696 6.92726498339329 6.90812296676065 6.88985920117832 6.87242981001714 6.85577680918575 6.83979313907287 6.82435748302716 6.80939817256356 6.79483382473363 6.78066644606442 6.76685932463736 6.7533531221256 6.74002413067282 6.72670572856647 6.71323051453799 6.69948846479283 6.68547356318011 6.67117663980741 6.65665687327023 6.64211027689579
"82" "Malawi" 6.26361975427698 6.29391494705693 6.32393785747291 6.35329217942873 6.38160158988854 6.40851147855728 6.43374143842206 6.45703278030279 6.47816551428058 6.49696053661516 6.51328930358861 6.5271937676934 6.53883605438931 6.54844163588162 6.55626285510264 6.56260534032663 6.56781542064024 6.57235613306321 6.57679119823121 6.58169239904906 6.58749696458502 6.59450988390078 6.60288098898689 6.61260112550659 6.62315656336422 6.63376598553365 6.64386057012686 6.65308490534083 6.66121941068339 6.66823132887556 6.674229835122 6.67946339978795 6.68432541308666 6.68908217617762
"83" "Malaysia" 7.98394672129988 8.03749305572816 8.09071038670489 8.14326064369762 8.194833104499 8.24521223680557 8.29427295187166 8.34185945453224 8.38788657054889 8.43232774179235 8.47519895990266 8.51660106158272 8.5567446784353 8.59594308209379 8.63458585581208 8.67312643702364 8.71209403172819 8.75195037176687 8.79297938980713 8.83526648521337 8.8787298205117 8.92316949985288 8.96829573181336 9.01374647071036 9.05914950164759 9.1041496560731 9.14844689045513 9.19183465389476 9.23427901133992 9.27591341396514 9.31687100081535 9.35732537572337 9.39751259289382 9.43761452104324
"84" "Maldives" 6.42433504071479 6.50748919772881 6.59068348258184 6.67396139024306 6.75734025865636 6.84081015079702 6.92433715208512 7.00783919108425 7.09116229991001 7.17406420385734 7.25627582512254 7.33747247257294 7.41741708216046 7.49595587608854 7.57266026991773 7.64692296349422 7.71827647308004 7.78642950497622 7.85122649794501 7.91260266988601 7.97054358657073 8.02506517671521 8.07635752088435 8.12474543012954 8.17062510154011 8.21440647436184 8.2564741539902 8.29716041178115 8.33680689551426 8.37572880285057 8.41425750675785 8.45257295168612 8.49086571116472 8.52920423180774
"85" "Mali" 6.49959478785184 6.51123049964104 6.52288478642281 6.53466498722201 6.5467800999538 6.55923648059367 6.57189797475139 6.58455436888388 6.59701817730527 6.60917844698969 6.62103590509833 6.63276801154552 6.64476865260394 6.65744488716579 6.67101855207291 6.68560334178819 6.70120936009013 6.71761338635154 6.73473674699477 6.75259483842356 6.77116937288704 6.79049453837287 6.81058022691286 6.83139468580711 6.85293143259406 6.8752429451529 6.89831440547005 6.92198470519788 6.94609617286287 6.97038778003225 6.99475300768023 7.01921049884175 7.04367555398268 7.06816129454699
"86" "Malta" 8.05509152550669 8.15109387921886 8.24698750367268 8.34243434344977 8.43686081821446 8.52943788709454 8.61904932213748 8.70460818402477 8.78523768852253 8.86033377491789 8.92968614719321 8.99353828696809 9.05244938800228 9.10718177778922 9.15850002362918 9.20713653772453 9.2537212557719 9.29874186463278 9.34259719669381 9.38555354455988 9.42775312304239 9.46928393566588 9.51013764126173 9.55026279169199 9.58965306478699 9.62830533794462 9.66621728432056 9.70336871766868 9.739745996572 9.7753659368809 9.81028650836773 9.84462734485126 9.87859473616948 9.91238343216558
"87" "Mauritania" 7.17857972497256 7.17976979847387 7.18089343144154 7.1817851046815 7.1821395371204 7.18148179118428 7.17934948137263 7.1753946016469 7.16959427820116 7.16228734031212 7.15396741557784 7.14531867222995 7.13701096310441 7.12981550592854 7.12429903843416 7.12084854444872 7.11968124253561 7.12084949389483 7.12435634981927 7.13013693787517 7.13806133240236 7.147995788524 7.15976207935305 7.17313086179838 7.18768121952436 7.20302767008738 7.21880795761625 7.23473616075951 7.2505860487277 7.2662072087356 7.28147625780186 7.29636465371495 7.31095876298005 7.32540160389849
"88" "Mauritius" 8.39296526655162 8.43587861997278 8.47867972618702 8.5211787090323 8.56303024057083 8.60388817721262 8.64339509456715 8.68135663501595 8.71782523391795 8.75312488184263 8.78779332268784 8.82251420074949 8.85786293271385 8.89425121522531 8.93200529432203 8.9712714202033 9.01198620936535 9.05392446544183 9.09677209476011 9.14024714617717 9.18409155504653 9.22809823774701 9.27209326475092 9.31594405503295 9.35956244299308 9.40289184271236 9.44586969508902 9.4884936844099 9.5308129998146 9.57286577854605 9.61470270346723 9.65632077788306 9.69773984895994 9.73908351014455
"89" "Mexico" 8.57369218871017 8.60000044105342 8.62622112472351 8.65214721494128 8.67750910065071 8.70202656911988 8.72541146044148 8.74738168228201 8.76763557757273 8.78579962467036 8.80150617778163 8.8144963948984 8.82471255379238 8.83240815259365 8.83804979070294 8.84213451727214 8.84520834969559 8.84787537474147 8.85064542109814 8.85390324989922 8.8578671924874 8.86263688066766 8.86825717006832 8.87476276964591 8.88220406860869 8.89063241138081 8.90014202304457 8.91065065213732 8.92194473180453 8.93376936388439 8.94588070920771 8.95807334950701 8.97027067956656 8.98246068874399
"90" "Micronesia..Fed..Sts." 7.80362563926107 7.83279626110264 7.86180651679124 7.89024273505681 7.91731506379943 7.9424231981328 7.965385744503 7.98630337901274 8.00543444536333 8.02312666517789 8.03983055280281 8.05603171257249 8.07194643282096 8.08763334275219 8.10299649499037 8.11797489036311 8.13247441556869 8.14645079441216 8.15994094758484 8.17296170662943 8.18553211036442 8.19756919778212 8.20887311136482 8.21917755768294 8.22814440370973 8.23543937260005 8.24103067357062 8.24519923989506 8.24838234939242 8.25099446357661 8.25339285158834 8.25568389190977 8.25793529606182 8.26017828203211
"91" "Mongolia" 6.9592344796997 6.99158183981915 7.02396199315733 7.05640343665663 7.08886679900319 7.12130316595415 7.15359933736609 7.18557895440381 7.21694665714922 7.24732782111925 7.27630089337522 7.30335448916721 7.32790217716265 7.34934627315663 7.36714871738276 7.38084859075454 7.390094382472 7.39467967759009 7.39467541407904 7.39043498840052 7.38265070619703 7.37236221665964 7.36084690983833 7.34934511051995 7.33879083419369 7.32972534785634 7.32234450677261 7.31665343484344 7.31248619620234 7.30958145211325 7.30764414654488 7.30639745991166 7.30557981505704 7.30493893361593
"92" "Morocco" 7.74183201631368 7.77021745047768 7.79858502835274 7.82690558568396 7.85513219143066 7.88317066013854 7.91083978430078 7.93787432562503 7.96403905923741 7.98910242938521 8.01291508816831 8.03543188066456 8.05666660175831 8.07659837724311 8.09527842514585 8.11272436151034 8.12890739116882 8.14375496613614 8.15729537707086 8.1694983311246 8.18041735737933 8.19015795794106 8.19887115963236 8.20685656263997 8.21437906114842 8.22159015884827 8.22872879202335 8.23587027239921 8.24314547438279 8.25059706229744 8.25828316748561 8.26620839883435 8.2742853871396 8.2824285614323
"93" "Mozambique" 6.99360678858062 6.99476179400177 6.99570641080112 6.99613512849223 6.99569417308722 6.99402321430612 6.99083924119905 6.98597730577002 6.97945563567171 6.97140148433299 6.96201919657362 6.95160844837119 6.94064476786239 6.92983136986576 6.92000183074467 6.91195823743383 6.90634567538511 6.90334596150981 6.90272120817098 6.90403378365039 6.90689911968285 6.91117574431058 6.91699694602013 6.92470560400197 6.93459352443452 6.94700619035016 6.9624119950201 6.98089850362275 7.0022393207815 7.02607562935544 7.05204179246021 7.07959375209598 7.10804946003573 7.1368629897821
"94" "Namibia" 8.51927193044957 8.52133748195341 8.5235155199569 8.52592527076409 8.52862516286975 8.53154070844753 8.53448614811593 8.537256732295 8.53957362884709 8.54125811068247 8.54220642541586 8.54235618691066 8.5415687124781 8.5398188307317 8.53723680875985 8.53401142822065 8.53034184338701 8.5263154357922 8.52200366301484 8.51772261916927 8.51388516519279 8.51088220181301 8.50883134489342 8.50783129197168 8.50799285070127 8.50938723387 8.51205528558826 8.51600638728238 8.52119650907496 8.52750500173751 8.53470200384304 8.54248990099852 8.55065810109356 8.55898595479147
"95" "Nepal" 6.74849991578727 6.75643256432399 6.76445040507268 6.77264382610994 6.78113579712344 6.78999134476765 6.79926115396444 6.80902820993162 6.81936748509764 6.83036589619065 6.84220187702193 6.85512672428043 6.86921343438895 6.88448179176393 6.90095758591723 6.91854737356945 6.93713722777881 6.95663367967808 6.97695790917868 6.99796926866732 7.01953226305024 7.04155511993383 7.06392787988274 7.08657445528241 7.10938152117268 7.13220245685029 7.15491353996959 7.17742627220333 7.1996915952114 7.2217025080254 7.24344418136569 7.26492451841825 7.28619061771789 7.30737091711819
"96" "Netherlands" 9.63987521510728 9.65467363579018 9.66941785200198 9.68402752713432 9.69838294359924 9.71238057118778 9.72597030582819 9.73909726898413 9.7517558564454 9.76401553465263 9.77604094375438 9.78808091061075 9.80045719521459 9.81347097072666 9.82732470908941 9.84212341242087 9.85789654986989 9.87461543451473 9.8922220468861 9.91061581424411 9.92966277594694 9.94924940366715 9.96931551820666 9.98984655063323 10.0108411994395 10.0322557901843 10.0540058238709 10.0759720479885 10.0980091613451 10.1199704669342 10.1417457663626 10.1632918923824 10.1846539664695 10.2059305819421
"97" "Netherlands.Antilles" 9.40532001527564 9.4189705653846 9.4325936983666 9.446125167123 9.45945548231771 9.47255171013837 9.48536247693668 9.49766254518634 9.5090765946822 9.51915328530881 9.52752300720187 9.53392605003921 9.5383761251366 9.54114416053716 9.54268141583062 9.54356960801591 9.54444553201906 9.54590204530749 9.54826207554287 9.55162162895216 9.55583036907375 9.5606248127251 9.56566583127857 9.57054075712649 9.57482142678938 9.57815455326593 9.58036741883907 9.5814388451384 9.5814577500548 9.58061015168121 9.57914471979013 9.57732347448133 9.57533017639718 9.57328436347798
"98" "New.Zealand" 9.61112625941068 9.62009551014205 9.62896663824424 9.63756884762623 9.64570885673349 9.65328664125042 9.6603836290778 9.66716567412142 9.67387539434236 9.6807159417538 9.6878214812867 9.69524203703812 9.70294174986516 9.71084978216381 9.71884045828464 9.72681169244386 9.73476235100836 9.74275402928481 9.75093355730471 9.75951616011006 9.76878746129331 9.77904113041342 9.79052633407204 9.80337624458832 9.81755933407779 9.83296029043334 9.84943472962651 9.86683176699789 9.88500476161574 9.903817430634 9.92310292714942 9.94271555098143 9.96251287708314 9.98237359676678
"99" "Nicaragua" 8.81224156368942 8.80247729428439 8.79246202503458 8.78177086268461 8.76987110077885 8.75613577832748 8.73992801676668 8.72080489609645 8.69860680227258 8.67346276602448 8.64582168515309 8.61600372856791 8.58415160742664 8.55032043124928 8.51449731406937 8.47684769756786 8.43779359984014 8.39791286729277 8.35802196988535 8.31899418323758 8.28171197797141 8.24690756288031 8.21527639140663 8.18725300900158 8.16305347566279 8.14264912518668 8.12578073664555 8.11206367616629 8.10104632548186 8.09217311346066 8.08484140578545 8.07843635454264 8.07248751306424 8.06670838258531
"100" "Niger" 6.92903435705903 6.93744382674359 6.94605192511773 6.95515614624056 6.96504736470813 6.97560836891831 6.98613393189445 6.99584381572183 7.00406414111247 7.0100663982592 7.01315509223599 7.01277758252857 7.00862394543138 7.00075915668771 6.98953510574018 6.97559268934443 6.95944124906657 6.94150664158387 6.92233091324147 6.90237297466912 6.88202503445343 6.86164671312635 6.84165561484377 6.82245220007618 6.80436942660091 6.78760851490989 6.77224778946154 6.75823444751532 6.74531453789088 6.73315345293251 6.72151376764792 6.71028847384802 6.69930149547478 6.68841153602011
"101" "Nigeria" 7.04994843294367 7.04756583583887 7.04490445031815 7.04154369531204 7.03699444649116 7.03074214791007 7.02252767152251 7.01221707728427 6.99990074120329 6.98609971823841 6.97169127244079 6.95752263342418 6.9442490351298 6.93249883594961 6.9228401909999 6.91566648524622 6.91106046535272 6.90896528677342 6.90918295508971 6.91129111119009 6.9148096159609 6.91928109410855 6.92437670813213 6.92993126762285 6.93593463299295 6.94251399207413 6.94987455454535 6.95799638838901 6.96686823051992 6.97646369003064 6.98670730182195 6.99748769225002 7.00867442058775 7.02008432963637
"102" "Norway" 9.51334114608754 9.54862262700307 9.58384480276563 9.61891939797986 9.65371607153325 9.68807598932236 9.72182263443161 9.75479084958159 9.78687641850232 9.81804611935837 9.84829236575847 9.8776520633441 9.90623952332181 9.93418681523001 9.96158318718053 9.9884588501192 10.0148493722147 10.040846718468 10.0666346886521 10.0924506255371 10.1185101880149 10.1449677897691 10.1718952069428 10.1992884311634 10.227067026023 10.2550627874963 10.2830737046743 10.3108904594709 10.338350100148 10.3653914267698 10.3920370621395 10.4183576847193 10.4444615091268 10.4704753792695
"103" "Oman" 9.02557225512973 9.0483168358858 9.07147037567037 9.0954557079327 9.1206765428843 9.14704770161059 9.17409662165828 9.20131277546749 9.22855873674218 9.25597303784693 9.28374831818716 9.31202916967188 9.34064405116878 9.36929199670206 9.39759279613615 9.42515691739295 9.45170505216533 9.47718342153994 9.50166720026019 9.52518154060048 9.5477558367174 9.56932847012092 9.58980724847925 9.60909641663903 9.62714086701141 9.64395611353952 9.65958260095729 9.67410521958555 9.68766258398887 9.70046593508471 9.71273895000158 9.72463326809231 9.73624954525581 9.74773957966221
"104" "Pakistan" 7.07973109091146 7.1070975008398 7.13456075437403 7.16226224360328 7.1904179747517 7.21924918119265 7.24890330975868 7.27947482369298 7.31095447610398 7.34327606976762 7.37623686263785 7.40956628309868 7.44298287784201 7.47617834803652 7.50883750605267 7.54063510924599 7.57126618909053 7.60043611627445 7.6278895399045 7.65346297397936 7.67710423376419 7.69882550891153 7.71868351320765 7.73679023052706 7.753289012702 7.76832827359018 7.78209148474366 7.79482567802529 7.80676297591228 7.81811186169609 7.82905849381112 7.83978975139478 7.85045700571444 7.8611218833434
"105" "Panama" 8.22374401331356 8.25892004480932 8.29416591846439 8.32961319036517 8.36533160114027 8.40139512734953 8.43772248547184 8.47410958691544 8.51018510566568 8.54549215082049 8.57949346042415 8.61152076429953 8.6411050119924 8.66803635332557 8.69234440948627 8.71418538870352 8.73380147813829 8.75158224849997 8.76804576136941 8.78379276876574 8.79923532635446 8.81460685097314 8.82995152765177 8.84534417226008 8.86089812326497 8.87675448417728 8.8930210722709 8.90972234990313 8.92675732920841 8.94397257200541 8.96126277701753 8.97857508761829 8.9959010233672 9.01323666711038
"106" "Papua.New.Guinea" 7.77155402280028 7.81681361958861 7.86176311945735 7.90584535678692 7.94850089231178 7.98914146163616 8.02695442120298 8.06077454112926 8.09009468424673 8.11478224024218 8.13511058469069 8.15167599147702 8.16521971671904 8.17653889333161 8.18633252716264 8.19523341782275 8.20373329030511 8.21232507844491 8.22152849993552 8.23185714292143 8.24368143883868 8.25720256981017 8.27222736238805 8.28826100476114 8.30455975643079 8.32067157712238 8.33643666959241 8.3517810280097 8.36670107255336 8.3811394907164 8.39505608636677 8.40864042146106 8.42204187445479 8.43538013156617
"107" "Paraguay" 7.99295988157519 8.03496828883016 8.07699855816475 8.11904169810135 8.16102445216036 8.20273164564581 8.24380045782944 8.28375596994786 8.32198254783241 8.35782414425315 8.39067047902099 8.42005875085244 8.44576813589447 8.46786852248119 8.48663118444119 8.50239054515123 8.51549188557327 8.52628925581272 8.53503238007058 8.54187163845032 8.54692744592607 8.55034049733078 8.55223210670403 8.55268915581648 8.55176401007418 8.5495102135878 8.54597279104317 8.54124451160072 8.53545715306579 8.52880330909344 8.52148857430051 8.51371805298933 8.50566875776712 8.49752374814276
"108" "Peru" 8.50360623255632 8.50443628792156 8.50510761952645 8.50534172298737 8.50474442297107 8.50288441569347 8.49942205614742 8.49415412808449 8.48701118288823 8.47803767265725 8.46724324127314 8.45462124238962 8.4402748159441 8.42448898849627 8.40773444163201 8.39034996844383 8.3725931060692 8.3546828969005 8.33705249892886 8.32055835578291 8.30623707923063 8.29491481702728 8.28706962833486 8.28285070052972 8.28203108924315 8.28407349609927 8.28835994578208 8.29432690859901 8.30147427326455 8.30945937492064 8.3180180385889 8.32694105675132 8.3360839536794 8.34530901523063
"109" "Philippines" 7.84952627649261 7.8729396800952 7.89621542972147 7.91908656282199 7.94119570871872 7.96220585772077 7.98172081085745 7.99934101226292 8.01476407957246 8.02781485980801 8.03842701414905 8.04660457236792 8.05250459960125 8.05648311140592 8.05902869366897 8.06076641732767 8.06235171749838 8.06424323785564 8.06678289119249 8.07014493411873 8.0744235941086 8.07968747530474 8.08600324445719 8.09340581284639 8.10186671421277 8.11126688799125 8.12147907586688 8.13233230117404 8.1436360019947 8.15528065524041 8.16706472801126 8.17876936850425 8.19038174965185 8.20194434905546
"110" "Poland" 8.41884978717239 8.4538640399865 8.48850190908614 8.52207944227943 8.55373777713341 8.58260134981593 8.60786719005 8.62894884290391 8.64561061372155 8.65804605649664 8.66688222207693 8.67308109301083 8.67778287513248 8.68204501709512 8.68658198682691 8.69185027565571 8.69813888564889 8.70568812077208 8.71476552330346 8.72568921487209 8.73887626836095 8.75479704644468 8.77378037872587 8.79592928511011 8.82112175988875 8.84904955997168 8.87925552175382 8.91121870410813 8.94441767162737 8.97840275410759 9.01282153071078 9.04743704798995 9.08213228931453 9.11685742924759
"111" "Portugal" 8.92142909794908 8.94921869557788 8.97683453843582 9.00402623888551 9.03056994388478 9.05645186405031 9.08184097354255 9.10683579674965 9.13153263043899 9.15608030041492 9.18062571491978 9.20533921033647 9.23045457931499 9.25624433050257 9.28300056502829 9.31094137567506 9.3400744332416 9.37018914753491 9.40092566644436 9.43185148124 9.46257361059306 9.49278404711909 9.52231685236203 9.55114743834186 9.57934025827073 9.60694942752232 9.6340284316074 9.66059888132745 9.68666213180355 9.71221588559591 9.7372865261733 9.76194674377025 9.78632550845331 9.81057876971498
"112" "Puerto.Rico" 9.04991812491882 9.07085819223766 9.09176793330573 9.11266174499887 9.13369027961931 9.15509818355333 9.17697389983761 9.1992538460259 9.22190340837776 9.24497809115315 9.26871964923613 9.29346972492087 9.31959819054501 9.34737018791465 9.37681836745455 9.40783981512509 9.44015190966295 9.47340743584754 9.50721462011687 9.54120525647869 9.57510202667353 9.60875942774265 9.64215356468608 9.67534831689606 9.70844755939366 9.74159170521372 9.7749562042805 9.80862814104758 9.84257712307531 9.87672728228218 9.91096993824258 9.94517891066445 9.97935630773566 10.0135229395958
"113" "Qatar" 11.3181019132901 11.2743703239722 11.2301202932984 11.1846201009526 11.1370618818119 11.0868664893293 11.0339791410677 10.9784244393819 10.9203541912086 10.8599945647694 10.7977984524515 10.7345146217464 10.671063167541 10.6085594102593 10.5481974583031 10.4911028452883 10.4383218625243 10.3906581751461 10.3487111050498 10.3128306676693 10.2831764061507 10.2598463598992 10.2428957232415 10.2322411282737 10.2278354696246 10.2295459238762 10.2370499915184 10.2497202037488 10.2664917544558 10.2862290123934 10.307978639563 10.3310143999405 10.354794119886 10.3788675394396
"114" "Romania" 7.88217330446177 7.95915510190262 8.03586291720483 8.11182196358079 8.18638080474659 8.25894283700869 8.32865718865906 8.39446105521286 8.4553545592676 8.51037248539557 8.55877930583874 8.60005037041293 8.63385220421039 8.6600267179537 8.67856163085266 8.68963203190284 8.69369614468451 8.69144951591083 8.68385699394643 8.67217105488442 8.65791130273982 8.64267012355476 8.62798775664483 8.61504714696879 8.60449687707212 8.59652258695658 8.59099004295761 8.58768220122572 8.58644421415169 8.5870820275823 8.58929989322104 8.5926995829643 8.59680598919322 8.60118209887566
"115" "Rwanda" 6.91049450929663 6.92724083310719 6.94411796568223 6.96126464313173 6.97871254919957 6.99640665817305 7.01407730259579 7.03103838373476 7.04655114166853 7.05974951036576 7.06976393332877 7.0758943258585 7.07760351298 7.07466432843814 7.06706138511626 7.05510035466837 7.03912556856399 7.01959984898526 6.99723060743381 6.97295906647547 6.94793539765623 6.92363893262398 6.90146261858595 6.88280068250354 6.86916069074219 6.86185287679564 6.86065770660781 6.86503689458444 6.87438260930455 6.88781343506235 6.90438509472587 6.92314060376102 6.94317617380721 6.9637223954447
"116" "Samoa" 7.88355162630013 7.89795911815851 7.91230031825998 7.92642858359974 7.94010632784451 7.9530269833707 7.96484888496882 7.97522308953346 7.98383580255463 7.99043257716956 7.99485999436273 7.99703953169684 7.99713871127112 7.99528511075454 7.99165091568259 7.98636534961472 7.97952846701274 7.97134392970689 7.96220001172759 7.95262323721 7.94331758524153 7.93523907030597 7.92929627551084 7.92627257885619 7.92671854536365 7.93100134995138 7.93906049593441 7.95055384271296 7.96502175956008 7.98189849811481 8.00059402728438 8.02046559831416 8.04094330643956 8.06163720713414
"117" "Sao.Tome.and.Principe" 6.96568532405264 7.00200270668258 7.03811710314937 7.07377457575685 7.10861738252888 7.1419759532422 7.17295538013917 7.20053024609418 7.22348741343684 7.24104633405166 7.25283787330526 7.2593068477377 7.26151330511416 7.2605283336378 7.25744603069844 7.25317116268139 7.24822053476952 7.24293224800501 7.23737641218543 7.23138389139484 7.22485408843055 7.21786741242867 7.21068332436971 7.20369291765364 7.19726487221249 7.19168252818577 7.18715934927306 7.18379617997146 7.18151089044585 7.18021775379878 7.17979604376801 7.17998749851374 7.18051001665142 7.18116115925754
"118" "Saudi.Arabia" 10.0081471904091 10.0418798408536 10.0746256004068 10.1047197698881 10.1301860159098 10.1492578834568 10.1607872746318 10.16406590851 10.1588792781347 10.1453975911457 10.1240492059768 10.0957500040471 10.0619574943382 10.0247184933951 9.98620691442886 9.94828899331924 9.91239366288963 9.87948725260749 9.8501460017904 9.82447069593632 9.80222539595283 9.78282124785495 9.76557733781817 9.74992910159885 9.73548576456003 9.72192761374198 9.70900693160296 9.69651125429358 9.68430797704555 9.67234009751406 9.66061099967921 9.64907303599472 9.63770063651564 9.62646452085982
"119" "Senegal" 7.28127953749233 7.28083342332671 7.28046059132644 7.28024257402549 7.28027379179687 7.28049037500437 7.28071623788695 7.28077008962629 7.28066671080463 7.28044383771583 7.28009734316037 7.27967128020574 7.27914502039558 7.27831937323143 7.27711054044054 7.27554339675484 7.27354462639769 7.27108020888245 7.26814581947178 7.26480032387061 7.26124857065125 7.2577434696968 7.25456795382734 7.251992848642 7.25023706052759 7.24937046790572 7.24936315310671 7.25004449803925 7.25113474023946 7.25236535073536 7.2534708759259 7.25432466563743 7.25506564603411 7.25578947971891
"120" "Sierra.Leone" 7.19956479991818 7.20210475254288 7.20462050187332 7.20708395315621 7.20939170562712 7.21138301918445 7.21291495051597 7.2138743870117 7.21405951300902 7.21316368618969 7.21075282101328 7.20635072868553 7.19946039224719 7.18960061279112 7.17639651779185 7.159499860685 7.13859611571105 7.11359581008756 7.08454068418764 7.05174857566115 7.01566535461367 6.97682621252694 6.93590576877803 6.89358418130872 6.85032056044359 6.80637206184484 6.76189155383565 6.71714705424462 6.6726741982444 6.62893256239345 6.58615364366772 6.54423877051723 6.50294279416247 6.46191491083952
"121" "Singapore" 8.88495129450934 8.93943175015895 8.99377749053279 9.04779356976914 9.10128293525367 9.15414542371752 9.20640402555489 9.25805470941133 9.3090635987115 9.35932138464977 9.40870051948498 9.45714579595731 9.50476228823846 9.55171901154924 9.59818437008576 9.64438597380257 9.69062648148156 9.73706859199874 9.78363745941404 9.8300998102766 9.87612107164984 9.9213064433047 9.96526271381465 10.0075791526445 10.0478051002705 10.085589137846 10.120726542414 10.1531958295821 10.183158445221 10.211019887845 10.2371856841642 10.2620872509784 10.2862877857962 10.3102221559233
"122" "Solomon.Islands" 7.54978255743966 7.57166455219827 7.59366760500518 7.61581419453737 7.63777934714269 7.65899612457026 7.67898251308044 7.69702432092433 7.71238655806065 7.7244647921927 7.73291021350622 7.73798741585403 7.7403061496554 7.74079956496962 7.74053412895152 7.74031306467918 7.74076048322127 7.74230556950362 7.74507234223733 7.7488954083813 7.75317111951522 7.75711442890976 7.75978476673228 7.76011138286663 7.75719378413661 7.75032135175694 7.73896895196673 7.72296541894172 7.7025194391684 7.67814556323215 7.65067682543745 7.62123342679714 7.59082681809811 7.56013217210965
"123" "Somalia" 7.31150575578009 7.29132178871583 7.27092205469441 7.24993690875541 7.22829253045296 7.20587295608915 7.18272167266935 7.15896463173997 7.13447468336885 7.10916661802325 7.08330575563047 7.05722641254651 7.03114477779285 7.00515763309235 6.97951359604172 6.95446733671186 6.93007501174519 6.90595173719681 6.88160646521145 6.85653525262265 6.83038318680431 6.80292045182741 6.77409455320608 6.7441502362175 6.71352076099021 6.68291912004135 6.65282191379768 6.62350092517299 6.59512676093931 6.56770603364223 6.54113327063018 6.51519901172523 6.4896521920108 6.46425895276419
"124" "South.Africa" 8.77568984691075 8.78857274965317 8.80142813986705 8.81419873769367 8.82684144589879 8.83930487317301 8.85144594126949 8.86309287916678 8.8740737846129 8.88424190665291 8.89342903536093 8.9014677876473 8.90826840420529 8.91378298646676 8.91802887307323 8.92114176330755 8.92335457020965 8.92495327814933 8.92619781363713 8.92732830976358 8.92859024864193 8.93027890282839 8.93274808719961 8.93635325460968 8.94134969626555 8.94788538261777 8.95599775024946 8.965605691774 8.97655980035802 8.98866000629237 9.00163630120822 9.01518851126976 9.02905002875472 9.04302019285976
"125" "Spain" 9.20654710382941 9.22856534603625 9.25041895385175 9.27180213214422 9.29239594267365 9.31198514730693 9.33052473724815 9.34807681883931 9.36482511450343 9.38105581828957 9.39711602849608 9.41336027264865 9.43014506374101 9.44776541532211 9.4664297369593 9.48624727955445 9.50721402119592 9.52921085186984 9.55202205794126 9.57540575328861 9.59915175811608 9.6231323276888 9.64732653470826 9.67181449165365 9.69673145901912 9.72216993155464 9.74816841636932 9.77470919292359 9.80170621734274 9.82902699919027 9.85652783850032 9.88408866651201 9.91164817911474 9.93919744053932
"126" "Sri.Lanka" 7.12718321765202 7.16621726132114 7.20524282039094 7.24423199392592 7.28318782066824 7.32219582996988 7.36141109213072 7.40097689310846 7.4409480674285 7.48123561338291 7.52169200199077 7.56211605037266 7.60231514349074 7.64218044624157 7.68171905762973 7.72092218299061 7.75971336906793 7.79812935261714 7.83630906692824 7.87439577394098 7.91248219066338 7.95056090111559 7.98864703093861 8.02666567195588 8.06451631708464 8.10208449105603 8.13923514895196 8.17587194092627 8.21194879723699 8.24748419197664 8.2825339184397 8.31720975295684 8.35168123647359 8.38608836047759
"127" "St..Kitts...Nevis" 8.21739580996052 8.251606128918 8.28589083392827 8.32026488394403 8.3548814261896 8.39005876619562 8.42615016843048 8.4635522091512 8.50256345413648 8.54322175659381 8.58551435195432 8.62932457007347 8.6743642322558 8.72050864295074 8.76766005488207 8.8156339968474 8.86428443041325 8.91357295174767 8.96355422503424 9.01437540208124 9.0659893422566 9.11815432834304 9.17052770014134 9.22274295773081 9.27442198786272 9.32515139371732 9.37465560879775 9.42271660967253 9.46920738546281 9.51416111191592 9.55771662962642 9.60025694033595 9.64220704859242 9.68392778240131
"128" "St..Lucia" 7.98182419732386 8.00675783034068 8.03165315333116 8.05664483110411 8.08206959396261 8.1083779620877 8.13609042672435 8.16572835064548 8.19755260217385 8.23184986810959 8.26869481453929 8.30814769147389 8.35004442550493 8.39392663359825 8.43905506419646 8.48453229139085 8.52937169995132 8.57254377174434 8.61320343975683 8.65061768051953 8.68427249514233 8.71389858205458 8.73944598693349 8.76099425515656 8.77883932495964 8.79346066257586 8.80533183789926 8.81495600693174 8.82279515402269 8.82919129853296 8.83450789779763 8.8391344978048 8.84345036533863 8.8476781650105
"129" "St.Vincent...Grenadines" 7.81034330337241 7.82893487455148 7.84759714755523 7.86650088345097 7.88640771916539 7.90829577678471 7.93304858249811 7.96116842149068 7.99281685263696 8.0278195220727 8.06603956211437 8.10723753077595 8.15088800599485 8.19647273637683 8.24351876100488 8.29162711046142 8.34049350069012 8.38977622588483 8.4391080028403 8.48801253774781 8.53595307990247 8.5823636362851 8.62689649264759 8.66922675826759 8.70924139729532 8.74710132619173 8.78305281828127 8.81747994917969 8.85086375464203 8.88357604193894 8.91578426724645 8.94756734146683 8.97907796598461 9.01045036295793
"130" "Sudan" 6.95387748114676 6.9586315412697 6.9632305716238 6.96741124446765 6.97080651459288 6.97314427989431 6.9741863480477 6.97372959881544 6.97178678528363 6.96861033320476 6.96461483569581 6.96028717334662 6.9560891446404 6.95250580722173 6.9500598483227 6.94912027795634 6.94979527013601 6.9520044951912 6.95555508963207 6.96022407871876 6.96573387650282 6.97174849436062 6.97790470370443 6.98388869935899 6.98945696393388 6.99444234654954 6.99875857477837 7.00243635740832 7.00564201022352 7.00874131601353 7.01210148402302 7.01578517754341 7.01971071954153 7.02375224303236
"131" "Suriname" 8.21983510247333 8.24493974874616 8.27005365791821 8.29518480852604 8.32021617520259 8.34479637456879 8.36830302962643 8.38999176891506 8.40909718459896 8.42502238358462 8.43744199146853 8.44626625072611 8.45142192038787 8.45301624957195 8.45125762397718 8.4464707363545 8.43903247872008 8.42964753829317 8.41917883888841 8.40836139749934 8.39815500677679 8.38971946277747 8.38434650482417 8.38357938195493 8.38907334270553 8.40209665443218 8.42300375532949 8.45101285058997 8.48492755983683 8.5234234970932 8.56517044104172 8.60938126390774 8.6550224608037 8.70133598122044
"132" "Swaziland" 8.02746888333321 8.08782100413938 8.14791419331894 8.20716769205679 8.26479642575896 8.32006686260905 8.37240422378899 8.42145089192381 8.46697588504558 8.50890110758812 8.54733836715663 8.58264448671532 8.61534783644614 8.64603503196515 8.67524653913989 8.70336240979691 8.73060133274073 8.75694355000178 8.78226162118948 8.80646777158479 8.82951626456715 8.85149230674193 8.87267804705422 8.8934419307215 8.9141239529783 8.93499129513752 8.95624580376463 8.97802376338761 9.00038368878193 9.02328164953847 9.04653945843658 9.06998417894588 9.0934510830738 9.11686974046406
"133" "Sweden" 9.66283548002057 9.67749023625045 9.69213916963544 9.70673414007735 9.72119796233024 9.73545392117835 9.74946357379937 9.76325988654314 9.77694932504422 9.79062209042189 9.80432847171212 9.81812989049156 9.8320959992273 9.84624088248926 9.86051164787931 9.87477413552225 9.8888770739612 9.90268154533743 9.91608727871391 9.92907782679572 9.94174234550074 9.95430455202993 9.96709792246448 9.98048001355003 9.99475703165079 10.0100707977608 10.0264477178561 10.0438454143859 10.0621361063851 10.0811118758391 10.1005285810658 10.1201712115035 10.1399130831224 10.1596835890788
"134" "Switzerland" 9.97216503855514 9.97991254497412 9.98761997779379 9.99527668870734 10.0029542763387 10.0108517902265 10.0192936000722 10.0284737583242 10.0384235207204 10.049061824676 10.0602223102725 10.0717121994196 10.0834071503603 10.095241711622 10.1071327249518 10.1189547865111 10.1305694027454 10.1418513153049 10.1526897292219 10.1629726047335 10.1726113035814 10.1815923767688 10.1900209134874 10.1980550606697 10.2058638317302 10.2135898088345 10.2213531486915 10.2292337247869 10.2372473660443 10.2453545417568 10.2535090161443 10.2616487172272 10.2697508384405 10.277827989417
"135" "Syria" 7.10581361296869 7.1511542377087 7.19615861445236 7.24020488732826 7.28275599645547 7.32306002164173 7.36036143722777 7.39412893152647 7.42407832527239 7.44974585789241 7.47073813346791 7.48676515157419 7.49773458747402 7.503917050335 7.50595848287537 7.50482597138493 7.50165670905825 7.497655499335 7.49390346021082 7.49126354923166 7.49064496130655 7.49256865936399 7.49714278973719 7.50420667980784 7.51343335383933 7.52437032855257 7.53645791857141 7.54911979467009 7.56190879348903 7.57455505221394 7.58703052401235 7.59936475664362 7.61162308733463 7.62384387813018
"136" "Taiwan" 8.00507801272771 8.07281561748003 8.1404476012789 8.20784256526772 8.27494015373728 8.34183578457192 8.40858860946403 8.47513267720572 8.54138223575044 8.60725796654957 8.67279230419589 8.73810776137829 8.80337047752035 8.86873382261835 8.93422422864244 8.99974393711074 9.06512517594029 9.13006044231936 9.19418839548797 9.25719982626928 9.31883528730173 9.37889865305724 9.43722454097909 9.49368146664782 9.54817984104244 9.60067832897572 9.65120026351922 9.69983585886464 9.74674635787782 9.79217189385535 9.83639769881267 9.87975890696757 9.92265422873146 9.9653804830233
"137" "Tanzania" 6.37856446451192 6.37144937375127 6.36427872298798 6.35688195776266 6.34908977009385 6.34071545273315 6.33153938860601 6.32139960721569 6.3103009913243 6.29835919272194 6.28578018855195 6.27289327344669 6.26017958750526 6.24823513696095 6.23772608821152 6.22929583096566 6.22357933421841 6.22118576545892 6.22268063999889 6.22859132045258 6.23940389464344 6.25553688020144 6.27733810459323 6.30512766441499 6.33906314774193 6.37903950409546 6.42450924594242 6.47443594275133 6.52721449840477 6.58167983929558 6.63706295413161 6.69291125214965 6.74894254961587 6.80500026885689
"138" "Thailand" 7.43768766356131 7.48435433827632 7.53109245883095 7.5780667606318 7.62539844427011 7.67318881856611 7.72146874958569 7.77017223989718 7.81920736884628 7.86852411146338 7.91823169027346 7.96846348344913 8.01934813713606 8.07103920457499 8.1237030618943 8.17738299879593 8.23199509827796 8.28733572406047 8.3430186871859 8.39846156749212 8.4529283640246 8.50561387146319 8.55579460527662 8.60287197864226 8.64642419076057 8.68623822734304 8.72236810489883 8.75516944860529 8.78529565904092 8.81356400126619 8.84064284004929 8.86707005793798 8.89322064775945 8.91930348494916
"139" "Togo" 7.25543304132591 7.23826297364396 7.22088269609602 7.2030534639406 7.18459994402478 7.16524007341145 7.14468693314435 7.1226309877987 7.09886686765519 7.07329138053363 7.04599780180704 7.0174183949057 6.9883221410489 6.95945152443128 6.9315088436269 6.90501009189739 6.88048414108358 6.85829227631809 6.83851483274947 6.82100687257201 6.80553936229534 6.79189204398403 6.77985534669765 6.76921959535704 6.75961701514452 6.75051482554216 6.74144212560937 6.73205330831428 6.72209516506662 6.71141749272078 6.70009782655413 6.68835299875459 6.67643249301391 6.66452606764054
"140" "Tonga" 6.80380731624975 6.85264159097787 6.90183800403002 6.95200653714934 7.00390823402459 7.05814159221623 7.11523196157244 7.17556516297733 7.23941199082216 7.30683140005544 7.37741937301984 7.45012643153643 7.52326679245352 7.59521060840245 7.66456826495063 7.72995799177026 7.79038482538045 7.8452154241233 7.8941806083777 7.93730832576184 7.97471787847379 8.00660901149856 8.03333901115188 8.05555520252308 8.07396350969347 8.08921175486366 8.10187339192517 8.11250274231221 8.12156423430013 8.12945690206839 8.13649477039853 8.14290320467911 8.14889388636884 8.15467273371505
"141" "Trinidad..Tobago" 9.13630975742571 9.16178299517231 9.18713834966881 9.2119434735022 9.23569916398715 9.25777684330532 9.27746312911278 9.29394830972454 9.30645205047014 9.31425545851969 9.31692233079247 9.31428219772392 9.30659728083655 9.29464946083528 9.27976206363714 9.26347430337479 9.24741435253292 9.2331763369806 9.2220685331766 9.21512869428714 9.21312570361386 9.2164888578167 9.22540294914163 9.23984778149682 9.25972663441404 9.28474412214838 9.31453394090892 9.34871697600539 9.38683422023774 9.42826707387904 9.47216662369634 9.51761787538983 9.56402630729417 9.6109562889355
"142" "Tunisia" 7.99191745818591 8.02616326219352 8.06017324894503 8.09362657346049 8.12639693456262 8.15836564699359 8.18944879744678 8.21958778283171 8.24879506337514 8.27708369968321 8.30447854094406 8.33100517664029 8.35678651246573 8.38200972902918 8.40681149752283 8.43132606060319 8.45564379751721 8.47991809781063 8.50428053935567 8.52889724060866 8.55393892668899 8.57951965247783 8.6057240044004 8.63259947182942 8.66019388432818 8.68851488306425 8.71754792466742 8.7471980411465 8.77733875502962 8.80783113521879 8.83853227807547 8.8693387330794 8.90018249280052 8.93103893417802
"143" "Turkey" 8.04679189569522 8.06782581587001 8.08878464891304 8.1095518034837 8.13002340646159 8.15006880004535 8.16950710027502 8.18819582859129 8.20617416892449 8.22369491652181 8.24115783348462 8.2589901520609 8.27747937517975 8.29679611628556 8.31695605027249 8.33785875899207 8.35933309275894 8.38113382264977 8.40301064008914 8.42479715356526 8.44635620123957 8.46748164379276 8.4880254162457 8.50783737859845 8.52679868791956 8.54491629601138 8.56209873931648 8.57822540130108 8.59324195262147 8.60724675234314 8.62048761235748 8.63320676971692 8.64572218746206 8.65818358994881
"144" "Uganda" 7.02371592250891 6.99124831654681 6.95863491566176 6.92558158741364 6.89182916706383 6.85725717641551 6.82188410385233 6.78593829050573 6.74990693182529 6.71463209054843 6.68128086163885 6.6509026013628 6.62439185187122 6.60226863179857 6.58488197026813 6.5725938809845 6.56579904592834 6.56477114980141 6.5696510472274 6.58034699362741 6.59651566380852 6.61764037115311 6.64312373630958 6.6723047733076 6.70441727692953 6.73863319481123 6.77436526224077 6.81108295257375 6.84834931190892 6.88584107367671 6.92332635586891 6.9607066272078 6.99798488919706 7.03521381235985
"145" "United.Arab.Emirates" 9.59718160433538 9.71673301470523 9.8352555512149 9.95064728409365 10.0592191743099 10.1564814065903 10.2391874578372 10.305386205419 10.354237459018 10.3858989283151 10.4010146726404 10.4008859532341 10.3877041145066 10.3643732593606 10.3341030690445 10.3000915491526 10.2654849902242 10.2331963756433 10.2052531068914 10.1829678648881 10.1668814248665 10.1570744669342 10.1535555564995 10.156220208053 10.1648676279363 10.1789537739896 10.1977383122853 10.2203843784705 10.2460644107032 10.2740696654047 10.3037279434606 10.3343791950226 10.3655519317921 10.396937880703
"146" "United.Kingdom" 9.47913050913129 9.49731257685616 9.51544351572255 9.53343601263063 9.55119511135143 9.56874907908448 9.58618023124763 9.60356197186359 9.62099344300972 9.63857482146316 9.65644778109705 9.67481982010315 9.69387400086383 9.71369746735297 9.73426678429978 9.75548477103998 9.77718519537715 9.79916062890513 9.82120372569085 9.84315948909336 9.86499958130468 9.88681924708558 9.90879300293125 9.93107695144209 9.95375557744431 9.97683956561051 10.0003075292115 10.0241082071076 10.0481646161318 10.0723891094117 10.0967013901574 10.1210338075513 10.1453599515969 10.1696807516511
"147" "United.States" 9.78229320839126 9.80332997804758 9.82432588345145 9.84520903544905 9.86593718118358 9.88656077752179 9.90712976162113 9.92761512487707 9.94797175161717 9.96818047649133 9.98830656847994 10.00849748775 10.0288903847424 10.0495969015565 10.0705883587406 10.091738769752 10.1129266257982 10.1340589709575 10.1550776318489 10.1759630143185 10.196755139285 10.2175614699619 10.2385226349284 10.2597247764418 10.2812063204519 10.3029511295124 10.3249145151943 10.3470069636662 10.3691094460914 10.3911097114979 10.4129298045746 10.434558098264 10.4560625894041 10.477522118508
"148" "Uruguay" 8.73357591381392 8.75171857164786 8.769907138738 8.78820262808929 8.80654458048045 8.82475554243003 8.84255486533797 8.85964503235452 8.87575695598711 8.89063341921675 8.9041261382203 8.91634894793913 8.92776824018441 8.93919539006007 8.9514922310776 8.96529565986332 8.9809163369031 8.99831224127462 9.01728135102229 9.0376422600035 9.05914920832568 9.08143935628141 9.1039575711834 9.12599863020577 9.14688622418645 9.1659993756268 9.1828928229157 9.19719698439267 9.20870199443643 9.21743701975754 9.22375678137589 9.22823988916194 9.23160982573239 9.23461540662809
"149" "Vanuatu" 7.55234294849486 7.58781710006806 7.62317359877389 7.65807527082154 7.69187021754444 7.72381697763903 7.75366586390038 7.78138263305408 7.80704571490386 7.83067620295276 7.85249948173836 7.87289115770492 7.89194485965079 7.90945031524359 7.92502672820828 7.93861675563173 7.9505050376952 7.96110326735475 7.97095467539022 7.98039269556284 7.98951977132509 7.9982018540713 8.00606420062846 8.01270338914007 8.01780605747745 8.02116265360459 8.0226284479874 8.02215482233723 8.01970714708108 8.01538594659409 8.00955407337226 8.00264300441023 7.99526458275423 7.98782437638893
"150" "Venezuela" 8.95523343892132 8.96940632804095 8.98358315842087 8.99750231609432 9.01062137636394 9.0222601677544 9.03177694402324 9.03862084340337 9.04245898474795 9.04325855866649 9.04126388986887 9.03693743018967 9.03084899896116 9.0236455863697 9.01596846762194 9.00829989722103 9.00095904721832 8.99405650859924 8.98758582732172 8.98146816378894 8.97565536467658 8.96987430261043 8.96371390123682 8.95682601427672 8.94902842659887 8.94025173628266 8.9304210028369 8.91951278029734 8.90748647225629 8.8944129069408 8.88046451299026 8.86577976916317 8.85054292098906 8.8350697898966
"151" "Zambia" 7.10100362697667 7.1124003303085 7.12365695562509 7.13445272259321 7.14447839717131 7.15347723209268 7.16103063917728 7.16665577786539 7.17010385072823 7.17117720799286 7.16970853119882 7.16556447971412 7.15859180417001 7.14870304884452 7.13583096427465 7.12011431457272 7.10185720707436 7.08135617698755 7.05873628541974 7.03413357612393 7.00775399141342 6.98006362425347 6.95155501702423 6.92289029113737 6.89479001779759 6.86804677671283 6.84331927225266 6.82090192100427 6.80080619458478 6.78286865569934 6.76673420487512 6.75191167041883 6.73790174506673 6.72421161750597
"152" "Zimbabwe" 8.04936794210048 8.05516766295536 8.06075798717093 8.06590596681648 8.0704396722065 8.07428110775839 8.07760686601724 8.08072638375291 8.08392437113356 8.08712676988165 8.09000240630105 8.09215469547432 8.0931600492706 8.09293986251082 8.09166414966323 8.08987855116868 8.08798895327633 8.08624527120843 8.08466076464855 8.0828712403855 8.08034058527558 8.07666111307996 8.07158821390228 8.06530733396549 8.05796794173577 8.04963198520129 8.0403618506725 8.03001021454166 8.01841078404974 8.00544842379452 7.99108194883605 7.97544992732323 7.95893380552636 7.94205972525508
