"Countries" "Y1970" "Y1971" "Y1972" "Y1973" "Y1974" "Y1975" "Y1976" "Y1977" "Y1978" "Y1979" "Y1980" "Y1981" "Y1982" "Y1983" "Y1984" "Y1985" "Y1986" "Y1987" "Y1988" "Y1989" "Y1990" "Y1991" "Y1992" "Y1993" "Y1994" "Y1995" "Y1996" "Y1997" "Y1998" "Y1999" "Y2000" "Y2001" "Y2002" "Y2003"
"1" "Afghanistan" 1731.1103 1748.3821 2119.6253 2119.4362 2148.0198 2263.1123 2269.6012 2121.0975 2205.3696 2121.1022 2120.9096 2297.6856 2423.3861 2529.4749 2555.927 2548.8813 2617.0335 2326.3257 2095.917 1906.9184 1750.7216 1837.0431 1447.2505 1136.8836 1022.0531 920.74704 939.65816 1029.1133 1047.1674 880.55764 478.10435 418.2312 525.85404 588.07605
"2" "Algeria" 4280.1338 3830.3785 4621.2125 4425.8152 4043.566 3987.8969 4343.4947 4276.6604 4436.8322 5280.6525 5055.8417 4911.591 5162.5617 5277.8865 5460.9486 5457.0545 5743.4789 5934.3533 5572.779 5578.1462 5569.9025 5537.3233 5616.9971 5431.6822 5227.7289 5324.4755 5513.4534 5457.3247 5508.1995 5610.9808 5753.122 5726.0329 5723.2922 5993.0013
"3" "Antigua" 5167.9331 4978.5376 5249.2337 5021.922 5169.5753 4871.257 4414.2645 4717.3538 4737.5272 5262.949 5383.3626 5280.884 5618.2189 7076.015 7170.7684 7499.2545 7878.0829 7852.2066 9696.741 9984.8026 10793.289 10706.191 11148.938 11999.629 12623.968 12024.509 12438.551 12949.813 13666.697 14056.152 14064.74 14316.295 15270.916 15820.542
"4" "Argentina" 9739.7748 9947.7833 9945.6703 10179.488 10591.224 10363.5 10106.843 10503.817 10092.569 10715.842 10807.143 10080.209 9493.23 9722.5462 9828.6314 8974.3278 9532.7751 9623.2494 9228.4695 8464.9879 8230.9624 9099.3323 10053.66 10534.851 10967.805 10573.171 10910.546 11604.96 11932.882 11586.602 11331.958 10690.723 9561.1764 10172.063
"5" "Australia" 14672.852 15080.587 15364.975 15898.595 15617.894 15834.019 16248.44 16365.101 16878.192 17086.699 17456.145 17935.72 17502.484 17982.441 18476.025 19142.093 19294.001 19924.329 20270.633 20771.475 20424.854 20375.576 20802.631 21301.69 22007.789 22648.291 23271.226 24010.643 24950.277 25658.207 25834.54 26528.388 27119.407 27871.535
"6" "Austria" 12689.686 13290.629 14057.607 14720.44 15217.697 15183.426 15891.847 16717.672 16446.123 17736.676 17829.165 17910.476 18242.91 18713.724 18791.942 19362.814 19650.294 19932.312 20621.924 21406.837 22219.839 22763.024 23089.635 22978.429 23265.231 23590.136 24023.973 24488.424 25338.866 26112.967 26999.767 27190.532 27346.75 27566.948
"7" "Bahamas" 16856.346 16749.693 15789.881 16641.683 13588.817 11358.365 11701.449 12483.276 13965.254 17212.276 18051.367 17185.684 17659.805 18509.319 18528.25 18946.646 19018.005 19928.101 20056.007 22215.938 20641.32 19716.71 17947.604 17390.04 17737.486 17111.225 16741.521 16624.036 16705.854 18425.053 19088.042 18533.119 18377.338 18381.131
"8" "Bahrain" 11834.048 11683.356 11544.811 10784.878 17751.543 18689.86 19705.991 21461.016 19649.88 18995.624 18494.38 17413.029 17761.957 17623.77 17160.096 15659.578 15594.603 15566.236 16443.106 16659.604 17191.369 16362.655 17099.276 19595.725 15801.352 16906.196 16865.345 16889.001 17048.288 18054.555 18652.151 19093.738 18882.95 19560.6
"9" "Barbados" 11616.225 12031.881 12280.037 12120.713 12397.589 11529.345 11298.742 11769.678 12405.459 13401.298 13484.304 12886.967 12657.816 12863.717 13580.052 13446.948 14361.868 14819.694 15028.428 15170.421 14576.119 14334.805 13739.969 13273.048 13587.517 14020.479 14237.518 14539.566 15050.467 15537.087 16086 15497.756 15450.672 15707.709
"10" "Belgium" 12468.605 12881.611 13506.324 14330.341 14910.619 14648.825 15457.021 15554.457 16001.287 16373.706 17062.174 16927.472 17017.11 17038.043 17490.826 17755.812 18072.44 18479.076 19379.829 20036.538 20644.907 20926.877 21179.352 20887.794 21493.399 21936.724 22093.781 22786.21 23163.219 23793.334 24661.914 24821.924 25105.985 25262.252
"11" "Belize" 3440.6099 3626.8267 3735.4748 3857.0826 3967.277 4029.7353 3930.4174 4067.9413 4879.9432 5142.2961 5897.0228 5233.5396 5465.2476 5154.3282 4664.9299 3927.1982 4186.7326 4342.4087 4454.5254 4758.2782 5169.1894 5028.8267 5416.4035 5658.9485 5924.9863 6036.4238 5933.1258 5888.5166 5929.3122 5950.3069 6014.4466 6288.5174 6831.0746 7146.536
"12" "Benin" 1102.2843 1108.2471 1240.6467 1229.5035 1251.8539 1159.4874 1182.6862 1022.4323 988.1633 1070.3443 1123.7502 1090.113 1168.8697 1079.187 1139.6962 1191.9819 1177.0798 1124.4744 1122.6803 1077.4303 1085.5784 1112.9446 1125.0669 1126.1144 1123.9771 1129.7024 1168.0709 1188.3832 1208.6841 1222.0646 1251.4735 1273.8671 1311.5259 1345.4215
"13" "Bermuda" 21617.675 22198.765 22502.032 22710.272 22838.163 24690.367 26242.023 26478.126 27068.018 28947.786 29965.774 28520.023 29170.941 29337.018 29240.027 30392.186 31154.587 32386.979 32866.093 32678.219 31620.347 31116.273 30168.626 30966.077 31266.966 32155.929 33009.232 33668.734 34197.924 36487.543 34031.567 33600.499 33957.437 35750.178
"14" "Bhutan" 229.73166 235.54279 237.74349 252.87914 255.94833 266.56868 274.61388 288.18883 277.44184 334.29361 403.89536 410.67297 417.32624 448.93947 477.40178 457.60039 498.08261 588.61264 558.07066 589.35821 586.20308 597.96326 592.56973 598.45474 616.42543 659.55506 686.56082 787.42633 789.34835 813.62135 828.16313 830.83356 846.46192 933.46029
"15" "Bolivia" 2538.7938 2580.3783 2653.9657 2783.9649 2847.8935 2952.463 3107.3862 3193.372 3130.5221 3137.9703 3078.3655 3050.3483 2914.8804 2680.0228 2635.8689 2562.4407 2444.8158 2503.4871 2524.6916 2556.7698 2582.2086 2617.865 2602.4311 2650.6996 2713.9365 2763.7917 2798.4041 2845.5544 2878.9394 2915.314 2929.1863 2955.522 2971.3766 3005.9224
"16" "Botswana" 1184.109 1358.3919 1552.9367 1683.8129 1876.0572 2167.7642 2235.1695 2451.0499 2573.367 2726.1194 2764.3221 2620.3205 3074.1105 3384.2159 3384.2105 3825.4823 3918.4893 4294.6417 4456.981 5222.064 5394.5318 5713.8279 5966.8165 5829.1546 5903.3613 5928.1596 6106.2016 6513.0942 6607.962 6319.1559 7256.4464 7788.2669 7726.1369 8053.5384
"17" "Brazil" 3975.7509 4250.0764 4603.8793 5068.852 5276.8621 5481.9014 5903.0929 5975.7999 6038.3862 6325.7147 6669.4149 6293.2907 6270.1835 5964.5565 6055.7735 6515.0069 6919.122 7214.9474 7078.8737 7336.6172 6834.026 6787.521 6665.4291 6773.7482 6976.5851 6895.11 6953.9595 7029.9986 6964.3004 7017.6953 7193.5974 7108.2088 6949.5584 7204.3957
"18" "Brunei" 30936.411 31193.345 32528.015 34241.573 35586.817 34683.597 40130.233 43225.151 44754.702 52917.149 47123.492 36018.7 35268.415 34916.861 33995.409 32394.158 30482.417 30079.409 29451.497 28259.343 28167.785 28456.463 27338.31 26704.64 26444.701 26245.682 26757.496 26861.81 26745.771 24971.046 25111.924 25317.573 25593.234 26239.194
"19" "Burkina.Faso" 691.23326 669.35481 713.64009 691.7927 701.03169 693.6594 693.7365 727.29457 703.24207 716.85838 748.4729 794.05432 804.8214 767.21517 741.41482 785.67279 812.17908 865.06389 886.63455 876.35826 829.43509 866.99239 856.77825 831.47165 854.52683 825.07094 820.2492 843.83067 837.54106 910.15437 933.20798 945.35865 987.55824 1073.2624
"20" "Burundi" 805.93273 805.71641 782.24016 825.70893 794.28918 800.75082 852.46948 922.00961 914.0555 911.37029 894.7219 933.19803 905.56683 881.26705 857.59613 924.17072 936.67607 939.60861 1052.7701 975.7158 1065.6816 1101.0452 1103.7985 922.66338 848.22282 850.02937 767.73942 759.16111 780.12531 823.57137 698.84374 715.26041 760.52976 763.7006
"21" "Cambodia" 1086.8752 1019.6246 953.01675 763.0629 713.16779 693.4035 684.3134 577.03685 571.2776 493.0557 458.22817 456.60208 434.45514 413.59865 399.52283 379.6279 355.96769 346.80631 397.79473 389.74341 388.43043 413.03927 435.78522 447.38609 468.56586 444.49008 462.93567 477.36943 471.56239 476.73795 513.90645 544.33207 561.5179 580.03307
"22" "Cameroon" 1948.8588 1894.5815 1896.9471 1942.4564 2010.0658 1988.9841 2008.9882 2055.9544 2068.2691 2216.4142 2371.7133 2603.4022 3088.2678 3273.9408 3302.4218 3536.6871 3505.8706 3103.6579 2974.6586 2702.3499 2695.7845 2537.7088 2393.0207 2286.0658 2151.461 2128.3934 2150.1851 2281.07 2353.2618 2395.6862 2471.7269 2516.3779 2618.083 2712.7124
"23" "Canada" 14169.177 14758.104 15274.588 16090.119 16366.729 16557.034 17205.535 17674.631 18105.981 18568.086 18688.628 19004.157 18206.484 18642.042 19544.073 20226.037 20505.897 21157.091 21793.923 22092.072 21771.736 20932.876 20903.295 21238.741 22157.509 22607.823 22779.715 23707.993 24454.719 25669.134 26820.734 26950.811 27513.101 27844.624
"24" "Cape.Verde" 2098.4734 2091.4393 2155.5234 1997.3994 2079.7415 1848.7807 1889.093 1898.9721 1899.0022 1921.6078 1929.5656 2054.6545 2108.0674 2371.5828 2492.6207 2719.5527 2764.5463 2751.1666 2932.7696 2966.3659 2861.3723 2943.7226 2966.1373 3174.4923 3110.6367 3489.6277 3522.8471 3890.4756 4175.783 4486.5728 4983.3555 4810.0145 4939.0237 5119.6759
"25" "Central.African.Republic" 1118.2024 980.35926 941.88987 962.20272 981.73687 991.42769 1021.0095 1089.2474 1218.5509 1152.7545 1070.6603 1061.0133 1061.6218 963.83344 1026.0822 1022.4673 1033.3096 989.71975 1011.2384 1019.8 1005.6079 975.65401 786.82974 765.97813 781.18388 811.04984 770.72528 799.86505 823.18571 925.4773 945.10209 954.74419 917.81374 887.74656
"26" "Chad" 991.19004 990.41755 899.95054 832.27032 900.35471 992.28382 955.34557 874.45551 854.52075 664.5791 624.7725 616.83994 619.31248 688.65976 718.42528 867.24531 834.60953 787.16424 880.85916 899.16691 833.55151 873.99114 901.88398 876.628 859.51962 899.15873 849.30925 831.0836 873.65444 881.34492 829.50513 755.66891 717.02998 883.51846
"27" "Chile" 6164.951 6634.4677 6526.1585 6118.7135 6128.6557 5212.814 5246.9231 5648.5945 6017.8304 6443.4877 6674.9279 6936.2558 5900.8537 5616.4587 5807.3704 5795.4164 5981.4377 6201.0581 6516.9703 7041.3774 7143.1944 7551.9643 8313.802 8745.908 9120.0052 9910.5172 10517.087 11048.902 11247.198 11137.426 11430.188 11660.958 11784.102 12141.279
"28" "China" 500.02714 533.94208 536.31442 561.91953 561.48978 588.91569 591.67578 615.99099 667.82022 723.60898 751.02805 802.6703 888.53389 944.46059 1061.049 1134.6875 1292.7861 1413.6098 1488.5394 1497.3271 1677.7844 1797.9876 1982.7097 2131.4911 2453.273 2702.2266 2924.5153 3229.3873 3474.6511 3690.9106 4001.8238 4281.0002 4630.3618 4970.452
"29" "Colombia" 3468.5821 3621.6574 3782.4423 3934.7441 4039.5095 4077.3416 4191.4385 4268.2959 4553.3926 4720.4323 4822.5908 4818.1666 4763.4671 4722.8152 4786.8195 4840.1119 4984.0133 5125.3814 5232.7586 5327.1709 5442.2575 5458.7038 5524.0094 5596.2312 5724.8499 5901.0387 6047.6018 6186.1436 6167.0665 6045.0134 6079.6779 6022.1015 6044.5538 6094.7968
"30" "Comoros" 1660.4961 1650.8764 1809.7696 1638.9546 1645.4365 1923.9702 1856.9431 1764.461 1783.9463 1871.8698 1888.3387 1938.6073 2011.2727 1995.1756 1909.5755 2019.3585 2087.489 2060.8512 2101.7548 2044.5082 1973.0284 1965.4865 1862.6648 1853.8467 1795.8753 1664.3545 1642.2173 1576.0206 1498.5146 1435.6349 1358.7802 1358.3269 1353.8337 1278.462
"31" "Congo..Dem..Rep." 1419.181 1493.0522 1452.782 1537.3491 1479.1291 1372.4989 1213.7856 1167.6919 1137.4268 1165.5507 1154.0152 1098.5345 931.40133 988.17761 958.94491 954.8411 986.15745 958.84504 927.69386 884.25743 973.73132 892.04266 694.58993 560.37148 546.22097 498.09453 488.30153 479.77569 466.2224 409.17007 359.14718 348.09431 338.0589 435.50847
"32" "Congo..Republic.of" 1234.7803 1406.7691 1392.7913 1461.3304 1386.4801 1513.6158 1586.8415 1586.5584 1672.9134 1889.8096 2089.1884 2555.1735 2812.8547 2829.5443 2902.5746 2807.2008 2534.6213 2439.324 2422.5987 2402.3635 2645.9978 2368.3117 2511.9628 2106.9312 1955.6442 2160.9452 2193.25 2238.2542 2548.2657 1512.2394 1286.1902 1405.1433 1477.0258 1421.1467
"33" "Costa.Rica" 5661.5351 5734.4841 5990.709 6155.6162 6312.2461 6359.6783 6432.1152 6840.569 7039.9802 7112.8948 6973.7543 6635.7424 6028.7581 5972.1796 6201.671 6130.4545 6163.6787 6182.7416 6232.6296 6330.7323 6351.2131 6288.5028 6595.4635 6903.3123 7103.0665 7267.7431 7264.4822 7414.4457 7727.9351 8323.9817 8341.4698 8105.4883 8153.5072 8586.5516
"34" "Cote.d.Ivoire" 1913.0694 2015.8076 2011.2131 1963.943 1891.6146 2066.4368 2171.3711 2153.0189 2321.4397 2358.3935 2065.13 2064.1868 2319.3564 2195.3645 2176.1118 2221.8347 2336.8423 2301.8584 2277.8678 2574.1318 2353.0388 2209.9015 2182.9237 2081.6047 1955.0051 2007.1899 2066.7662 2085.6254 2132.5107 2174.9307 2171.6587 2108.5565 2059.7183 2018.9091
"35" "Cuba" 2674.6646 2811.5546 2868.0371 2895.9857 2867.0519 3131.9037 3276.8369 3657.5119 3900.029 3967.3555 3749.0648 4471.0502 5017.2822 5233.938 5344.9328 6941.2824 7086.1607 7133.9829 7240.3442 7227.0855 6725.6492 6589.1423 5747.7806 4948.1857 5007.9738 4979.1363 5165.0582 5092.5802 5164.3685 5474.7868 5698.6177 5892.4735 6031.0481 6288.1758
"36" "Cyprus" 5317.6506 5886.3751 6186.2083 6263.4409 5245.5971 4625.577 5629.9779 6599.2884 7228.9301 7761.7668 8289.1685 8570.468 8971.3592 9460.1281 9935.8476 10374.216 10811.499 11741.195 12934.073 13602.331 14628.069 14631.788 15415.866 15153.716 15802.503 17297.938 17633.151 18130.889 18873.669 19844.403 20456.78 21400.74 21654.351 22009.959
"37" "Denmark" 16468.13 16774.905 17444.808 17970.16 17602.563 17201.22 18265.746 18396.666 18659.588 19193.084 19018.984 18576.556 19098.055 19456.16 20191 20932.78 21805.87 21776.535 22025.176 22031.535 22201.031 22420.723 22793.322 22632.176 23855.489 24542.407 25124.136 25890.48 26365.393 26899.956 27827.281 27875.001 27883.32 27970.436
"38" "Dominica" 4385.1997 4573.9233 4583.7999 4319.852 3827.5886 3570.118 3851.0387 3968.2018 4126.998 3640.5276 3437.8273 4293.4973 4643.2371 4896.1652 4881.9543 5022.396 5568.954 5896.7385 6067.6469 5752.4236 6183.3471 6105.5816 6957.72 7060.1763 6992.5498 6997.2461 7337.1354 7545.8319 8090.2596 8305.9729 8196.8484 7692.1004 7907.317 7565.9031
"39" "Dominican.Republic" 2761.196 2875.1409 3016.6213 3231.877 3402.5972 3354.5843 3426.1899 3511.4669 3553.4506 3613.0182 3922.2397 4209.8697 4330.9421 4404.1949 4337.2742 4197.2099 4269.2757 4326.9381 4328.4292 4374.0061 4134.8243 4187.5062 4584.4021 4781.0388 4921.3041 4994.1864 5324.6311 5588.6003 5935.9358 6172.4559 6497.3674 6803.4275 7157.7792 6899.2006
"40" "Ecuador" 2661.265 2686.5124 2972.4699 3610.665 3874.6434 4034.6938 4320.872 4569.3128 4704.0145 4822.5758 4939.2233 5014.1266 4924.2257 4679.062 4690.2835 4680.1188 4684.3012 4254.6758 4595.0254 4445.6321 4453.0145 4500.7052 4505.9749 4461.6993 4510.7079 4524.5046 4532.1702 4582.8348 4492.021 4339.851 4314.4423 4318.7033 4297.1189 4329.706
"41" "Egypt" 1892.1045 1907.6552 1978.4622 1873.1588 1899.9772 1828.599 2041.9084 2227.7607 2239.3363 2335.0124 2572.3378 2549.812 2608.04 2714.4895 2788.9607 2862.0643 2957.0316 3080.9812 3123.6451 3265.7176 3384.4669 3499.1032 3565.6735 3586.8541 3667.4003 3756.7262 4103.2104 4094.7805 4252.2677 4425.0049 4535.8319 4609.4788 4688.4091 4759.31
"42" "El.Salvador" 3700.7371 3693.2884 3829.6884 3931.6859 3988.0603 4144.3666 4281.4991 4369.7297 4508.452 4289.403 3993.6053 3773.8771 3653.3205 3610.2081 3671.0546 3737.832 3706.9001 3721.3958 3708.7217 3660.0937 3717.8389 3762.1214 3921.228 4111.4031 4268.6766 4471.9231 4532.1275 4611.0029 4631.4826 4709.0469 4732.1276 4744.2808 4768.6665 4751.5547
"43" "Equatorial.Guinea" 1212.514 1225.712 1244.0235 1434.9534 1552.182 2051.3302 2498.503 2734.767 2537.8686 2170.4778 1969.138 1886.3862 1887.3478 1794.7024 1741.9639 1723.1181 1580.8185 1446.6415 1569.4455 1489.5601 1602.7435 1567.2771 1825.7201 1558.0294 936.59437 1031.9716 1626.1604 3678.7332 4472.6913 5322.4592 6494.5391 9087.651 13301.873 11600.346
"44" "Ethiopia" 478.71687 489.31954 497.44694 502.18356 499.96931 489.32515 496.13367 490.15153 480.14885 493.32093 505.33737 515.20616 504.43753 520.63833 465.94644 461.22355 463.65507 363.94799 462.94068 429.00003 463.77116 437.24304 552.31501 593.22164 595.55485 607.53946 645.59552 668.68557 668.73561 722.912 725.36517 723.38644 737.70656 687.30851
"45" "Fiji" 3138.0939 3291.4111 3459.5825 3945.6478 3917.4038 3916.0662 3987.4005 4026.7866 4108.4115 4625.5204 4464.1939 4323.7357 4311.6994 3999.4241 4322.8228 4481.5642 4059.1086 4124.2769 3931.1933 4071.171 5168.6853 5193.9858 4883.2199 4672.2096 4749.869 4753.3488 5016.6388 4777.109 4763.2432 4677.8931 4571.9479 4655.6402 4890.5973 4919.4512
"46" "Finland" 11804.03 11970.416 12670.626 13382.694 14088.834 14010.72 13736.217 14014.743 14095.851 14954.916 15760.838 16047.44 16480.27 16761.852 17155.83 17376.704 17643.176 18207.575 19159.543 20292.72 19883.32 18218.002 17314.844 16795.128 17454.761 18221.532 18587.825 19899.69 21073.692 21585.596 22740.686 22913.414 23459.308 23785.892
"47" "France" 13362.598 13881.053 14395.336 15083.842 15379.368 15194.862 15824.8 16200.74 16660.069 17148.095 17400.372 17536.923 18003.649 18167.689 18323.237 18616.543 19052.096 19401.206 20166.048 20833.6 21295.814 21395.333 21647.04 21216.004 21585.663 22016.317 22122.525 22567.633 23370.915 24105.489 25044.538 25439.414 25583.106 25663.464
"48" "Gabon" 14431.803 14892.862 17457.729 18706.955 21120.666 20538.318 28766.368 21743.169 15000.483 14598.162 15745.308 14105.597 14269.256 14025.982 14144.61 14011.696 13180.741 12668.534 12383.612 12309.795 13046.281 13201.878 12871.216 12960.68 13640.46 13470.132 13291.737 12621.984 12316.629 11116.753 10438.827 9984.5421 9650.084 9561.5905
"49" "Gambia..The" 923.17648 899.03559 874.12972 922.73025 943.54274 1014.4431 995.31441 1011.8065 935.08514 872.75686 887.84251 894.15694 974.15404 964.23392 928.08866 904.08156 934.6567 913.98891 918.56241 919.36197 912.50964 890.31984 889.91087 871.68468 829.51896 772.74341 787.35711 787.60376 834.13323 925.46989 953.85879 963.23571 890.63973 937.35529
"50" "Germany" 13545.791 13967.369 14508.89 15090.267 14996.971 14887.68 15626.918 16114.4 16625.095 17366.302 17553.426 17466.278 17298.532 17657.992 18094.585 18400.923 18883.527 19128.12 19736.557 20342.225 21278.596 22129.129 22482.165 22164.459 22625.8 22945.912 23071.697 23423.661 23865.473 24317.213 25061.34 25319.459 25257.93 25188.583
"51" "Ghana" 1041.4344 1129.4623 1431.9413 1296.195 1239.4119 1078.126 1064.8462 957.55612 1181.2273 1190.3562 1139.6273 1129.9549 1181.1526 1042.0009 1079.1728 1014.2181 1093.7501 1091.4252 1136.0617 1151.5915 1153.1698 1155.5649 1195.3937 1194.3276 1166.8875 1224.1561 1224.667 1127.3309 1205.2411 1220.7584 1392.2007 1372.6069 1449.2765 1440.3431
"52" "Greece" 8239.793 8842.9587 9697.4524 10434.823 9692.804 10216.368 10792.38 10969.013 11600.514 11823.666 11771.317 11479.419 11285.14 11107.476 11272.438 11501.332 11515.041 11222.682 11678.238 12070.464 12003.672 12280.418 12252.575 11929.419 12046.752 12189.203 12383.994 12748.922 13103.871 13483.113 13982.386 14592.54 15089.199 15786.656
"53" "Grenada" 3015.476 3049.4649 3081.832 3121.6374 3181.8287 3237.4751 3278.3132 3346.9825 3567.2116 3402.8937 3539.526 3326.0678 3547.6007 3706.6973 4052.0052 4360.1566 4466.3279 3660.1833 3822.753 3976.5934 4202.6869 4318.4543 4528.6837 4456.1725 4483.2219 4692.1458 4796.3681 5011.1726 5410.163 5566.1615 5896.2402 5961.6234 6099.7162 6140.708
"54" "Guatemala" 3151.9313 3184.2481 3406.2347 3484.9187 3513.1626 3551.9066 3565.7228 3707.0346 3764.0913 3930.5574 4067.2097 3958.7567 3810.1869 3703.7709 3604.0944 3531.6222 3478.3926 3404.5458 3445.0462 3477.9792 3500.2011 3491.9325 3447.153 3508.5941 3546.325 3607.8727 3663.5907 3654.1467 3743.0918 3823.7927 3859.4668 3828.8216 3782.9246 3804.811
"55" "Guinea" 2319.1044 2373.7141 2335.2193 2310.4948 2379.5445 2398.3588 2560.1323 2434.2263 2516.407 2463.246 2545.5439 2464.1007 2474.1737 2297.4519 2163.1864 2107.2652 2146.4112 2146.2506 2252.8383 2233.2266 2196.4863 2157.7095 2188.2422 2206.9299 2129.685 2261.173 2322.9756 2392.0898 2542.7525 2553.3347 2546.1218 2720.6162 2853.0241 2887.8131
"56" "Guinea.Bissau" 690.05514 678.39553 625.48938 632.42554 663.82125 761.46375 719.13516 705.92882 651.19945 655.59677 505.37273 635.69626 631.352 632.26903 654.81644 628.93834 634.56414 619.7777 603.58669 639.03891 641.84093 643.86075 454.25304 541.02775 623.23373 631.5312 666.97409 671.31666 492.03335 543.13531 762.40116 576.66843 548.08614 582.7542
"57" "Honduras" 1847.7668 1999.3443 2074.6674 2077.1733 1861.0347 1959.7414 2097.8431 2135.8279 2250.1473 2336.4587 2303.3103 2404.6596 2445.5394 2344.717 2298.2447 2349.9875 2341.4595 2383.8716 2380.8717 2445.0572 2365.7453 2305.1646 2362.0303 2330.2759 2168.6884 2213.8857 2283.8666 2332.2358 2332.874 2163.7844 2239.6555 2258.0457 2294.0243 2291.6748
"58" "Hong.Kong" 6988.3422 7475.3203 8043.1307 8797.709 8639.0183 8655.9684 9555.9032 10715.743 11741.644 12339.396 13326.399 14195.967 14460.727 14970.492 15968.701 16080.847 17412.238 19354.216 20756.399 21176.483 22003.355 23192.334 24495.767 25617.345 26623.333 26885.073 27157.186 27917.899 25487.069 25357.561 27236.152 27021.053 27159.818 27655.807
"59" "Hungary" 5725.2514 5871.9112 6419.3911 6880.0124 7054.3751 7235.4092 7501.2528 7987.3886 7885.6645 8523.0895 8502.6172 8779.3797 9080.7118 9197.5854 9475.4733 9554.4331 9768.9898 10155.712 10330.551 10325.551 10086.901 9017.9642 9035.0477 9541.3253 9407.8889 9533.6547 9595.1936 9999.8033 10403.443 10822.469 11382.95 11948.432 12522.607 13016.209
"60" "Iceland" 11124.611 12813.771 12914.243 13845.052 14912.346 14675.399 14753.656 16258.273 17065.503 17721.721 18557.965 19150.457 19347.106 18679.376 19232.194 19644.072 20626.219 22196.795 21919.452 21703.976 21735.338 21508.714 20617.95 20589.627 21181.286 20976.735 21888.33 22837.79 23999.391 24719.547 25794.627 26309.362 25497.941 26351.555
"61" "India" 1154.4325 1186.9702 1158.855 1163.0661 1126.2129 1178.5283 1204.2322 1252.1147 1316.0928 1284.7522 1349.8332 1391.9192 1427.2563 1456.0349 1518.8063 1580.84 1632.7318 1702.0166 1784.5173 1841.3155 1897.212 1866.6095 1896.813 1932.8664 1976.0379 2103.8591 2180.8721 2244.0987 2367.8407 2593.2216 2643.8507 2724.2927 2847.0682 2989.767
"62" "Indonesia" 1279.1875 1364.4333 1514.2752 1693.6735 1715.7364 1733.7842 1863.4528 1978.1888 2067.0588 2066.5697 2082.7931 2075.1423 1960.3919 2095.9196 2245.6423 2213.989 2317.1841 2416.486 2610.8672 2792.8484 2917.4161 3123.3524 3313.176 3466.9837 3575.5429 3695.1082 3907.0144 3958.0751 3604.0292 3595.5684 3771.8611 3826.4731 3975.5759 4121.0218
"63" "Iran" 5796.847 6546.9522 7149.4602 7796.7022 7394.7869 7066.9049 8271.193 7005.4005 6608.9323 6322.4303 5432.8932 4554.1964 4779.6398 4984.5728 5218.6517 5205.9953 4583.2062 4280.9925 4073.9837 3985.5903 4419.7278 4620.394 5059.0596 5141.7084 5505.1276 5258.0126 5373.1395 5416.0237 5693.8521 5816.09 6045.526 6014.8632 6358.09 6398.1338
"64" "Iraq" 2003.4746 2098.5089 1897.6117 2137.5437 2141.6737 2222.8061 2827.2387 2755.9939 3284.5027 3655.9853 3386.1287 2032.9317 2115.8742 2811.5378 2622.2275 2380.4884 2628.3556 3026.0862 3002.7168 2712.9379 2538.2407 929.82503 1147.9418 1651.814 1655.6272 1343.3863 1975.3981 1339.9882 2129.7253 2642.9183 2445.3489 2469.415 2274.8786 1229.6178
"65" "Ireland" 7752.4221 7952.4545 8431.7227 8823.7672 8973.8972 8982.1974 9144.4344 9701.2337 10309.063 10635.523 10615.118 10832.817 10726.104 10537.995 10768.1 10984.219 10981.18 11271.821 11739.287 12447.048 13462.479 13663.685 13988.887 14283.135 15059.638 16485.436 17773.666 19647.909 21023.078 23189.97 24947.554 26140.257 27219.004 28246.984
"66" "Israel" 11455.26 12247.388 13086.872 13975.913 14236.757 14493.282 13937.531 13494.136 14014.995 14346.815 14014.894 14580.024 14705.848 15009.828 14692.648 14710.468 15152.298 16194.22 16275.134 15911.142 16537.604 17163.11 17677.551 17996.448 18824.272 19659.545 20328.509 20508.691 20780.07 20962.868 22236.9 21600.783 20945.724 20715.373
"67" "Italy" 11592.508 11718.614 12004.204 12733.201 13336.279 12943.364 13736.568 13973.495 14419.008 15191.212 15725.395 15790.585 15866.835 16030.783 16481.392 16972.178 17405.093 17925.972 18629.159 19169.571 19531.776 19781.674 19887.234 19585.193 19980.726 20538.174 20723.748 21129.231 21509.157 21867.769 22487.212 22831.647 22895.841 22923.658
"68" "Jamaica" 4409.881 4497.8728 4880.9556 4854.1873 4676.5154 4452.0647 4352.9311 4274.0638 4232.3144 4026.1563 3728.6497 3761.4168 3743.2627 3912.6205 3798.2366 3619.3794 3620.0586 3966.0146 4015.0202 4244.0265 4445.5683 4418.6929 4585.1263 4742.8541 4714.0746 4681.9648 4611.7536 4560.7693 4680.1523 4541.3548 4520.8382 4579.5644 4588.359 4584.3899
"69" "Japan" 11325.585 11686.512 12496.556 13359.793 12973.674 13166.801 13530.833 13966.452 14597.967 15290.264 15519.062 15845.013 16148.482 16271.97 16664.581 17434.241 17870.044 18467.776 19669.332 20635.449 21640.191 22287.714 22395.612 22356.321 22500.469 22876.638 23608.377 23942.374 23582.297 23463.753 23970.563 23947.582 23759.976 24036.441
"70" "Jordan" 4249.2278 4022.4782 4069.8906 3802.3765 3645.7617 3272.9725 3580.1155 3382.9286 4001.9261 4227.3291 4428.9337 4244.9051 4461.6936 4572.3885 4968.5915 5058.0605 5363.5232 5272.3171 4958.152 4062.9032 3538.2272 3407.9046 3383.6434 3411.5481 3601.886 3783.0838 3764.3267 3891.0537 3912.2457 3892.0216 3901.8369 3905.2156 3922.4807 3742.0157
"71" "Kenya" 1134.3353 1156.8275 1205.5858 1160.6834 1229.1195 1180.9934 1143.4854 1174.7 1237.3828 1251.0232 1260.5913 1236.983 1236.7924 1194.6512 1194.9484 1149.1441 1236.6046 1266.3325 1306.9105 1332.8947 1350.7587 1335.8059 1279.5591 1257.6449 1260.7439 1280.9396 1301.4408 1304.75 1285.4873 1253.3098 1267.7161 1257.2917 1216.0665 1217.7418
"72" "Kiribati" 2161.557 2077.9782 2284.0025 2720.0604 3881.5369 4029.2276 2903.6544 2725.5962 2715.177 2421.2098 1291.2778 1310.8487 1421.7655 1263.2174 1340.8379 1260.7026 1245.4922 1174.0214 1349.5144 1199.7251 1191.7575 1239.8068 1187.4761 1175.7628 1241.2555 1275.4984 1280.7545 1320.6855 1353.1657 1443.6477 1432.1614 1424.6122 1405.1108 1423.8573
"73" "Korea..Dem..Rep." 410.79347 446.0463 492.02148 536.78487 580.91905 635.6185 700.4114 774.34607 856.41123 935.76312 1011.8432 1079.5834 1131.0266 1263.9503 1415.6527 1503.3652 1562.9015 1689.2567 1737.9304 1768.5755 1788.4758 1668.71 1721.6771 1586.3118 1534.4947 1454.9136 1396.9077 1312.7615 1306.2003 1387.8258 1378.9527 1419.1431 1420.4188 1428.6893
"74" "Korea..Republic.of" 2621.3098 2787.8597 2870.1078 3131.6104 3359.1689 3458.2443 3757.7048 4082.7575 4473.5813 4787.2342 4556.5904 4725.1989 5007.2964 5456.9691 5887.0567 6193.5168 6741.89 7419.7904 8142.1499 8689.0189 9591.2677 10395.739 10809.266 11395.64 12321.324 13269.691 14115.328 14550.825 13264.846 14570.199 15702.27 16160.218 17133.16 17595.137
"75" "Kuwait" 64639.944 64336.282 63452.621 54963.352 45986.377 38648.107 39619.916 37457.942 36595.43 39803.028 29583.911 25125.408 23297.03 21287.556 20708.919 19946.508 19705.26 19883.271 19587.313 22448.771 16421.51 21862.501 25301.332 30996.767 30135.609 30567.18 30505.549 28782.799 28025.921 25350.955 25135.369 24518.019 23137.106 26098.343
"76" "Laos" 999.25577 1017.3091 1035.096 1001.8329 999.17045 979.06986 919.79387 901.63424 829.25767 877.75148 892.10514 969.01858 1005.273 990.75815 1013.1998 1126.0456 1144.3359 1084.3511 1122.1178 1289.7494 1309.4149 1315.2814 1347.9251 1324.9661 1360.3936 1371.7677 1409.8707 1432.5435 1220.6574 1277.0099 1257.3474 1263.8031 1423.8949 1412.36
"77" "Lesotho" 712.10502 718.74177 725.76811 878.48411 920.1553 798.37968 836.3086 940.97082 1203.437 1005.9331 1229.4635 1210.7525 1198.4157 1206.1037 1170.1486 1209.4505 1305.0776 1319.7657 1351.225 1313.244 1317.8606 1251.3291 1221.8691 1358.9388 1432.5605 1497.2796 1582.6862 1695.8477 1840.9697 1822.395 1833.9017 1838.1448 1772.8147 2004.5787
"78" "Liberia" 1981.7973 2040.2585 2015.4085 2123.677 2009.3321 1605.5436 1689.2268 1653.126 1753.9596 1778.194 1693.0252 1739.4293 1824.1437 1606.6639 1674.0598 1630.8278 1515.4695 1426.3518 1339.5132 959.04246 551.59306 547.5708 338.7905 218.49084 171.42246 170.55498 186.98034 332.16479 372.56205 408.84186 472.43695 486.82046 494.05809 342.46642
"79" "Luxembourg" 16819.635 17098.166 18014.826 19294.058 19944.758 18445.768 18794.828 19070.174 19763.882 20280.62 20382.121 20235.046 20424.946 21027.278 22331.524 22957.128 25160.037 26037.191 28190.476 30727.204 32032.858 34509.1 34587.424 35493.454 36420.085 36330.509 36964.36 39692.854 42080.979 44766.671 48217.272 48223.82 48592.057 49261.342
"80" "Macao" 7004.7469 7437.5721 8036.8489 8682.908 9389.7973 10148.927 10974.044 11890.275 12773.528 13613.025 14291.106 14958.799 15587.183 16028.897 16799.463 16665.392 17245.796 19152.359 20110.131 20730.377 21867.14 21615.452 23164.066 23873.363 24460.476 25260.866 25316.586 24944.32 23836.33 22980.09 24224.405 24684.797 26853.031 30419.526
"81" "Madagascar" 1381.6272 1394.5296 1383.737 1315.3253 1293.8465 1267.6091 1167.9512 1172.7227 1146.0753 1207.1882 1175.1886 1056.5371 1018.184 1012.8935 1002.0203 996.36146 976.73582 946.5271 943.95075 953.03574 916.41718 937.06623 879.49374 872.72097 846.50111 842.34324 845.31751 853.76563 858.19691 810.96668 822.88212 833.73077 727.04144 758.52696
"82" "Malawi" 470.92875 515.07136 562.24128 579.39084 608.67405 612.28546 632.2097 647.67385 664.0713 709.92478 707.23181 701.01723 698.95359 713.19564 715.18638 741.95494 741.06539 717.36232 680.59653 684.57376 682.27591 686.02588 602.47772 668.85437 819.05777 828.09677 810.93921 835.31942 827.15525 832.09731 838.98915 756.44345 749.87388 770.45565
"83" "Malaysia" 2571.7589 3083.6407 3299.9075 3573.628 3755.627 3762.8415 4115.5235 4295.4255 4468.9398 4751.7382 5009.6279 5206.4685 5362.9492 5549.6201 5795.826 5688.1297 5658.8409 5840.2977 6161.5562 6555.3916 6924.157 7290.0654 7818.344 8271.4492 8788.5016 9335.1928 10071.785 10496.416 10240.996 10851.942 11405.502 11335.007 11601.396 12130.751
"84" "Maldives" 626.64875 671.0449 720.69835 782.93635 852.13864 917.40351 987.89713 1066.9042 1188.4926 1276.4255 1467.5163 1588.8837 1491.4356 1676.5101 2056.1423 2247.1072 2374.5648 2496.74 2621.1427 2764.8671 3103.2472 3225.8681 3310.6901 3395.6222 3499.9066 3617.2627 3866.963 3970.2342 4201.8367 4085.3284 4530.1446 4463.6504 4652.6052 5153.8985
"85" "Mali" 669.83056 696.96564 708.78224 634.98934 658.37584 685.13289 721.25238 746.32968 766.38929 796.21683 818.60891 763.59463 713.85498 745.59901 757.16582 729.43742 861.80427 858.54696 829.86504 874.44127 863.89479 874.66123 916.61572 948.59204 921.50949 912.99172 991.96632 973.25091 1105.3308 1119.2931 1046.7192 1162.5125 1130.2033 1183.7415
"86" "Malta" 3015.7379 3163.2758 3473.0121 3790.4883 4113.3209 5121.2475 6021.6185 6725.7424 7652.1625 8449.3503 8569.5543 8732.3673 8547.0828 8904.5685 9113.4755 9416.6719 10078.699 10360.191 10861.352 11659.412 11958.711 12734.131 13741.669 14066.377 14617.451 15080.557 15816.915 16573.356 17261.046 18034.314 18862.836 18769.929 19383.412 18786.716
"87" "Mauritania" 1276.6612 1261.6029 1242.6341 1228.9587 1322.3429 1376.4095 1494.2839 1510.3185 1382.3132 1392.0094 1271.8671 1320.6306 1158.8912 1162.0186 1160.2525 1158.5281 1211.9153 1204.3316 1209.9509 1247.1413 1236.7825 1245.8201 1191.696 1322.5334 1335.3809 1385.1469 1397.841 1429.4762 1424.2462 1486.4463 1521.4814 1508.7328 1501.5584 1429.2345
"88" "Mauritius" 4222.0091 4468.5848 4521.0476 5018.3298 5210.9524 5820.3454 6261.107 6568.0924 6656.35 6710.8778 6276.0889 6355.1843 6793.236 6783.5299 6961.5109 7380.1281 7914.306 8662.6978 9012.1297 9515.1406 9870.9679 10348.922 10827.662 11255.092 11581.603 12419.079 12919.223 13148.631 13847.102 14064.286 15121.007 16282.062 15969.987 16463.804
"89" "Mexico" 5108.5185 5178.227 5438.1087 5698.2053 5850.7798 6029.7064 6109.4105 6115.8305 6438.0818 6831.6475 7200.8481 7623.4518 7405.3135 6936.7459 7027.8569 7082.3586 6684.2221 6619.9848 6529.4207 6676.9958 6877.1302 7034.4741 7147.5811 7151.9824 7327.2557 6768.5475 6957.7809 7288.9744 7527.8769 7701.2484 8082.0912 7973.758 7926.7888 7938.9185
"90" "Micronesia..Fed..Sts." 2297.2756 2278.9594 2233.5202 2881.4866 3245.0291 3150.294 3066.9927 3047.432 3123.0068 3093.8225 2785.2813 2960.0696 3011.2658 3299.7851 3260.875 3421.758 3515.5567 3423.4878 3501.0698 3402.1463 3424.7149 3536.8608 3569.3446 3717.1779 4226.5394 4274.9556 4038.2572 3774.6869 3735.0086 3465.5901 3781.6892 3793.6598 3823.0942 3853.7848
"91" "Mongolia" 1066.7285 1085.5731 1093.1456 1155.8442 1168.1218 1207.1768 1219.2594 1279.0503 1336.9889 1354.781 1402.8796 1478.6035 1558.9253 1603.9146 1653.9341 1700.856 1809.9157 1821.9508 1863.551 1861.9366 1768.2525 1567.9685 1391.7583 1329.0846 1340.2697 1412.9469 1413.6363 1448.802 1478.8193 1505.4935 1500.7813 1495.3521 1534.2329 1596.6202
"92" "Morocco" 2286.2987 2358.2952 2419.8923 2460.2145 2490.7107 2564.6014 2759.6114 2805.5138 2971.7973 3074.1374 3091.7576 3045.9382 3247.0543 3175.3006 3218.6392 3278.7687 3530.6697 3362.1017 3607.6943 3605.7589 3635.9556 3826.0465 3586.7033 3503.4391 3825.1467 3484.7108 3831.2786 3643.0854 3825.0709 3748.7888 3720.0483 3892.9702 3952.2463 4059.8567
"93" "Mozambique" 1001.6975 1050.176 1071.0567 1089.5419 1126.2197 1142.8134 1169.2403 1129.5647 1107.9782 1107.1384 1132.7007 1144.4542 1088.7542 1009.5254 950.70255 834.3482 844.26283 919.14908 1016.3231 1098.0293 1115.2159 1091.1768 988.87481 1039.1687 1078.9651 893.07892 931.52942 1020.3794 1096.0975 1048.0716 1093.1795 1253.9357 1317.2366 1450.976
"94" "Namibia" 5240.9944 5034.3183 4910.8209 4782.6915 4837.322 5033.8714 4938.6788 5309.7432 5268.8295 5207.2367 4972.5487 5365.5851 5452.0344 5235.5368 5122.4384 4862.4725 5034.0105 5564.5425 5222.3898 4958.8966 4467.4418 4931.0877 4982.4419 4875.5751 4894.3922 4899.0773 4869.2284 4843.3342 4805.4772 4916.7539 5268.5524 5107.5086 5297.8502 5557.1874
"95" "Nepal" 882.33941 861.3586 877.85642 853.60334 876.02892 900.46515 894.31319 910.32887 949.53683 952.90103 872.08053 928.75216 964.50544 931.493 985.12065 1019.1565 1035.8698 1024.4413 1073.8643 1113.717 1110.1578 1158.7578 1151.7444 1179.984 1234.6476 1269.3904 1300.7412 1331.7501 1334.8314 1381.3209 1421.0088 1476.5451 1435.309 1440.94
"96" "Netherlands" 15035.862 15432.343 15578.787 16163.364 16643.14 16489.363 17080.283 17485.47 17851.188 17992.139 18128.022 17673.934 17343.563 17579.4 17981.73 18377.107 18885.761 19102.875 19513.599 20308.377 20973.236 21321.975 21474.522 21437.508 21905.902 22434.481 23007.749 23751.803 24651.884 25508.906 26293.085 26494.187 26354.652 26153.731
"97" "Netherlands.Antilles" 12020.312 12139.727 12264.9 13052.662 12734.62 12124.775 12398.483 12929.342 13929.563 14230.077 15319.651 15318.442 14920.759 14666.586 14252.856 13711.561 12537.427 12773.57 12704.671 13445.005 13705.77 13783.248 14178.294 14772.038 15476.053 15348.458 15129.563 15067.252 14861.339 14558.791 14014.404 14067.668 14023.937 14076.731
"98" "New.Zealand" 14355.339 14632.877 15062.635 15912.683 16618.798 16107.77 16172.851 15543.212 15464.163 15476.215 15575.714 16014.513 16010.604 16652.002 17313.145 17186.909 17480.762 17502.728 17660.627 17374.077 17171.156 16859.059 16724.772 17498.362 18141.013 18589.646 18979.832 19360.206 19395.166 20176.546 20422.918 20976.585 21713.271 22197.413
"99" "Nicaragua" 6074.419 6203.8164 6306.5039 6273.3705 6411.8561 6861.7597 6997.0954 6879.2355 6812.767 5552.3204 5296.6964 5329.2355 5202.8062 5550.5455 5525.4937 5111.1465 5080.8966 4539.7859 4279.9644 3861.803 3893.29 3437.6534 3387.6177 3259.609 3199.7616 3269.7995 3291.1324 3198.6449 3236.4135 3252.8528 3437.8512 3470.3666 3358.3418 3410.427
"100" "Niger" 1105.9786 1071.6877 1036.2919 890.6234 837.01435 1038.5741 1128.537 1068.4792 1115.7366 1172.869 1224.4436 1290.4385 1240.6484 1231.9605 1029.587 1035.0435 1103.1413 1000.4972 987.96779 981.75104 997.46642 948.41222 911.10171 871.10044 858.52089 841.47612 805.762 833.7819 883.76183 884.76332 807.45443 832.30611 826.34514 834.82248
"101" "Nigeria" 1031.1532 1086.6434 1115.9788 1131.581 1260.3763 1188.9399 1226.91 1318.8147 1264.4397 1068.58 987.22009 1039.7883 1012.4898 955.84023 896.57762 953.20501 948.23325 915.27028 978.54909 1012.7216 1060.2126 1080.0255 1081.8167 1080.1576 1061.187 946.20317 1046.6419 1045.1809 1040.2731 1055.8488 1073.9304 1071.0568 1088.6188 1223.3602
"102" "Norway" 13221.758 13863.774 14285.76 14876.264 15469.768 16197.624 17089.15 17733.107 17982.073 18691.851 19521.166 19628.844 19714.525 20142.191 21241.797 22270.486 23192.478 23441.516 23340.869 23575.246 23991.507 24702.358 25370.034 25956.605 27270.049 28343.129 29780.832 31306.818 31948.458 32357.907 33092.155 33718.752 33850.385 34012.85
"103" "Oman" 9790.3831 8551.5395 8637.0907 7331.2408 7830.0418 9245.2174 11196.283 11066.704 10406.663 10267.656 9483.3708 10511.858 11036.314 11679.182 12602.901 13566.634 13403.706 12799.667 13404.744 13210.622 13842.88 14298.406 14854.621 15326.598 15323.045 15704.999 16011.657 16369.183 16197.903 15861.512 16193.182 17070.211 16747.887 16272.673
"104" "Pakistan" 1234.5583 1242.5449 1292.5941 1292.5252 1288.074 1336.8291 1349.4053 1417.5633 1417.0557 1504.3922 1590.628 1634.0683 1703.1374 1758.3943 1838.9447 1890.8293 1972.3432 2073.8915 2148.2526 2162.9163 2197.1446 2255.0638 2278.4045 2295.7504 2362.1136 2425.4016 2383.0292 2405.1559 2435.319 2485.9251 2477.1286 2450.119 2506.7868 2591.9641
"105" "Panama" 3834.065 3958.4413 3902.7618 4151.8428 4036.8807 4239.8073 4319.2088 4628.0164 4808.001 4880.9193 5762.815 6094.8588 6228.5171 6116.0465 6165.5707 6458.4124 6536.766 6533.241 5958.4593 6077.4303 6145.9131 6814.849 6942.1067 7019.5205 6957.5566 6928.5963 6924.6375 7249.8947 7677.2147 7823.9939 7934.7986 7945.813 8051.2665 8243.0019
"106" "Papua.New.Guinea" 2095.4325 2248.427 2593.7336 2681.9926 2588.281 2560.8818 3984.5972 3679.6955 3837.1648 3804.5065 3615.9268 3547.6004 3381.1423 3463.5744 3394.4692 3625.3893 3693.9323 3677.0764 3513.1411 3512.7603 3248.4694 3417.099 3542.7406 4469.0945 4543.5184 4251.3342 4292.4248 4147.6117 4330.9735 4784.0499 4354.5767 4432.6972 4444.6026 4492.2177
"107" "Paraguay" 2986.044 3049.1766 3137.8482 3172.4975 3300.9515 3490.8217 3595.7731 3895.5523 4189.3018 4522.4796 4853.5295 5096.6749 5045.8547 4881.112 4870.6088 4943.8428 4787.4899 4849.1156 5029.3515 5166.6696 5111.1266 5097.8165 5107.2969 5183.1105 5158.2685 5263.7975 5226.9136 5247.8348 5118.709 5057.3969 4965.4137 4994.7209 4773.0019 4718.4611
"108" "Peru" 4629.0953 4705.6728 4716.58 4868.2526 5122.5515 5205.4213 5181.9106 5113.8837 4784.266 4776.7782 4969.9137 5051.1736 4986.7358 4323.1241 4338.2749 4337.0604 4713.7514 5034.1358 4487.8084 3775.8196 3522.7656 3509.9817 3417.3372 3493.6737 3826.7085 4047.4881 4079.4902 4261.1974 4158.3358 4152.4191 4204.5004 4144.9487 4265.4534 4351.0604
"109" "Philippines" 2427.1298 2492.9356 2591.6556 2771.7411 2744.9551 2866.546 3042.9728 3134.5245 3159.8813 3152.5354 3293.2861 3381.8722 3312.746 3331.1642 3200.8586 2927.9267 3028.0053 2972.5658 3086.4327 3164.9597 3208.7882 3187.478 3167.3553 3156.339 3289.8183 3274.0386 3339.7291 3514.8349 3317.0532 3457.6799 3825.6154 3644.1967 3616.6498 3576.1127
"110" "Poland" 3898.3018 4149.8881 4530.2745 4991.0365 5338.9015 5820.8844 6299.1583 6638.5464 6761.563 6581.5051 6236.4821 5653.2067 5118.3663 5318.0096 5539.0943 5839.3282 6057.3895 6160.5409 6338.1742 6291.8167 5897.3775 5793.3916 5906.2721 6132.9695 6384.0218 6792.2569 7180.0226 7630.6231 7969.0249 8304.8064 8611.0045 8728.192 8867.0995 9217.1105
"111" "Portugal" 6987.8429 7469.3671 8002.0127 8848.9289 8988.2672 8335.4431 8786.3084 9208.1792 9235.0897 9561.0378 9956.7722 10105.404 10283.455 10164.342 9885.5737 10133.854 10725.396 11397.24 12292.402 12911.079 13621.452 14035.207 14156.559 14002.796 14459.231 14679.387 15152.581 15664.274 16287.195 16826.976 17323.14 17548.759 17573.495 17333.172
"112" "Puerto.Rico" 8415.139 8855.0876 9379.3909 9416.8826 8701.1366 8904.2858 9784.5646 10252.748 10898.753 10774.452 10721.557 10420.992 10163.942 10863.289 10992.137 11872.763 12361.333 13132.357 13954.673 14675.451 15119.57 15426.918 15648.836 16154.655 16688.286 16419.838 16780.377 17862.126 18572.777 19336.066 21211.215 21008.023 21489.9 22230.419
"113" "Qatar" 66884.69 72334.664 73105.755 78913.495 84694.634 67414.837 65176.938 60365.254 60539.048 58591.482 52382.582 49642.611 44470.368 39384.574 36919.699 32664.769 31463.536 29464.328 28926.754 29384.693 28739.805 27022.401 28492.63 26848.196 25641.439 24527.696 23438.027 27484.848 30927.748 32114.721 32260.653 31817.759 33436.997 36183.098
"114" "Romania" 2374.5909 2640.7896 2879.0139 3407.571 3244.3607 3548.1078 4246.405 4484.2469 5152.4604 5403.075 5626.5369 5826.6915 5956.1263 6216.5765 6580.1674 6532.6064 6643.6501 6677.5111 6572.8852 6010.6241 5636.6918 4913.552 4510.8586 4581.905 4800.8459 5236.4471 5518.5396 5281.6804 5144.9275 5146.5924 5211.1096 5474.9445 5789.0867 6057.5668
"115" "Rwanda" 1056.6069 1022.9151 993.56255 1019.0039 985.21102 925.03738 1088.9975 1075.043 1147.2866 1245.8063 1255.0464 1339.2939 1289.8938 1343.5731 1190.9723 1214.9967 1257.6011 1227.9781 1188.9314 1217.5831 1005.6422 1016.5307 1039.8153 901.32647 521.78398 840.79869 927.82151 858.85764 943.16198 975.28572 1018.0696 1071.5829 1149.0368 1297.2255
"116" "Samoa" 2583.8477 2606.6434 2633.1154 2694.1447 2768.5176 2835.9034 2918.743 2977.8658 3054.1205 3042.3673 3272.3963 2925.0351 3025.9545 2916.3856 2921.8822 3065.0167 3144.3842 3061.4501 3081.5315 3144.5856 2763.7536 2657.5423 2530.4972 2573.2283 2334.7262 2485.785 2675.9626 2719.2375 2850.6681 2866.3979 3070.9174 3269.6875 3329.0561 3456.8541
"117" "Sao.Tome.and.Principe" 977.00411 1076.6634 1092.9059 1042.1522 1117.09 1199.6345 1209.3849 1593.3055 1616.5553 1932.6102 1806.1095 1427.5615 1437.5808 1319.22 1214.7111 1315.1283 1262.7208 1270.5866 1429.0882 1485.9156 1475.0908 1437.2982 1341.7338 1299.2689 1298.9536 1269.8256 1229.0166 1316.0069 1296.6135 1242.9011 1300.1829 1355.4008 1352.9407 1383.8309
"118" "Saudi.Arabia" 14963.824 17514.012 20951.634 26600.123 32129.467 30490.934 31517.457 30271.191 28627.973 30958.621 30967.707 30683.276 24656.508 19963.234 18238.421 17382.994 17263.636 16144.032 16571.774 16047.442 17420.474 18571.085 18677.842 17647.577 17401.017 16916.235 16999.693 16760.031 16456.281 15551.735 15826.516 15484.408 14689.662 16010.148
"119" "Senegal" 1496.0632 1456.9982 1459.1593 1362.2957 1387.6783 1448.6804 1570.4929 1465.5009 1427.8446 1479.8795 1414.0663 1350.522 1518.2322 1512.9075 1391.0781 1467.4207 1458.878 1474.9161 1520.1115 1456.8398 1441.238 1412.1951 1385.4777 1329.2653 1353.3234 1330.2076 1347.0946 1414.5092 1411.4388 1492.0208 1571.3673 1389.9447 1371.4986 1406.6001
"120" "Sierra.Leone" 1325.9487 1340.1652 1305.7046 1318.3658 1361.7289 1371.0269 1309.5433 1302.3736 1290.8836 1334.5139 1342.6782 1356.5201 1396.8723 1339.767 1325.9505 1407.4306 1327.538 1372.0136 1256.0833 1196.8844 1177.8388 1073.8887 941.51165 909.41571 905.60717 946.17909 961.92693 801.69129 721.57936 663.05978 683.72976 666.45777 689.54164 712.76525
"121" "Singapore" 6843.5726 7445.3095 8046.0357 8835.6443 9419.567 9351.9179 9842.509 10176.962 10957.375 11947.264 13001.41 13130.883 13420.221 14406.018 15187.134 14594.529 14700.085 15894.01 17036.573 18142.434 19472.463 20217.398 20937.375 23092.783 24501.349 25819.481 26739.54 28305.655 26454.187 27484.457 29433.771 27194.096 27413.935 27004.432
"122" "Solomon.Islands" 1994.6139 1867.2701 1727.9425 1842.7759 2146.8333 1931.6405 2144.5032 2319.8259 2476.5842 2892.3548 2620.1133 2610.6311 2425.112 2070.41 2140.7025 2126.7337 2035.9015 2051.9398 1938.6947 2156.7033 2188.4786 2219.5113 2509.6223 2530.219 2518.422 2675.5454 2672.8748 2553.7319 2514.7104 2423.6071 2012.588 1784.1943 1695.9064 1711.1437
"123" "Somalia" 1373.6119 1379.9059 1618.4948 1384.4796 1468.6117 1392.5039 1189.7293 1307.3282 1443.2986 1257.3545 1136.8935 1107.0604 1202.1647 1104.9757 992.38211 878.35523 980.05574 993.06251 1034.0296 998.81935 993.5772 1014.1604 943.40955 949.60223 749.1685 735.82485 744.23099 704.79236 699.44886 682.73789 681.63299 679.99231 679.77611 682.45128
"124" "South.Africa" 6404.0433 6481.2315 6681.5227 6706.8261 6569.327 6821.4529 6984.1142 7137.7537 7083.2647 7219.7286 7513.6643 7466.7274 7588.3032 7794.1384 7761.3718 7649.3067 7427.4021 7457.9504 7542.7146 7686.6819 7723.3785 7562.326 7278.5244 7283.9236 7311.0059 7335.4042 7545.2837 7672.0608 7696.9878 7915.6241 8226.0625 8447.0055 8654.6818 8835.0217
"125" "Spain" 9327.2299 9624.8257 10354.347 11084.269 11620.054 11554.511 11839.198 11956.92 11958.371 11896.833 12063.145 11953.274 12034.147 12186.718 12346.41 12584.385 12946.394 13612.474 14252.742 14889.027 15396.242 15733.512 15825.625 15595.04 15916.895 16312.368 16661.219 17259.717 17983.724 18741.198 19536.381 20030.993 20319.229 20642.286
"126" "Sri.Lanka" 1241.1447 1284.9187 1363.2389 1446.9718 1496.6794 1506.4062 1519.3388 1546.025 1664.928 1736.7556 1854.0341 1989.4789 2097.893 2071.0748 2110.4482 2359.4839 2442.0472 2440.2623 2480.1916 2525.8744 2755.8986 2736.8075 2917.2815 3044.4587 3153.5638 3352.8383 3495.9037 3647.1068 3740.1331 3904.4703 4046.6302 4045.6195 4111.0282 4274.1672
"127" "St..Kitts...Nevis" 3816.7335 3743.7209 4192.9765 4386.6811 4310.7406 4480.0231 4389.3919 4269.5648 4828.6217 4922.9318 4998.5889 5971.2874 5914.3894 5918.3861 6522.6314 7035.2453 7343.0652 7712.2712 7228.8645 7604.875 8313.3019 9032.8069 9565.1577 9982.9062 11266.107 11477.784 12222.828 13184.422 13513.89 14940.42 14393.295 14394.282 14612.398 14649.742
"128" "St..Lucia" 2882.7506 3216.1741 3335.8385 3301.5944 3327.7711 3323.3433 3077.5609 3554.8059 3336.7225 3737.1682 3565.1644 3606.2504 3780.8231 4149.1422 4462.1203 4756.9935 5448.808 5526.783 6007.7962 6301.2078 6451.1352 6410.5379 6809.0176 6866.4702 6480.0324 6669.4662 6560.7695 6418.6944 6845.6613 6902.4159 6838.996 6480.1156 6565.682 6717.3635
"129" "St.Vincent...Grenadines" 2536.712 2614.841 3242.0058 2844.3645 2562.0663 2335.0752 2432.7025 2506.9028 3004.3344 2941.8379 2840.2505 3327.9301 3529.8272 3737.1155 3949.6921 3931.0365 4147.5063 4214.0185 4513.9381 4799.7332 5559.5063 5385.6487 6073.1849 6495.1283 6269.0753 6649.0033 6780.7085 6462.6101 6432.5307 6961.5535 7671.7533 7632.5376 7948.0359 7747.7623
"130" "Sudan" 984.23587 1007.5857 1014.0866 1102.5583 1079.6265 1082.6566 1165.0691 1175.6761 1137.5746 1093.9227 1047.9404 1063.7874 1065.4377 983.41865 939.85485 966.53625 997.03088 1032.7289 1026.2951 1029.5355 1048.2086 1087.3707 1103.2546 1112.5782 1120.8116 1142.7979 1156.3241 1190.6125 1103.4673 979.38315 1047.7134 1094.5616 1122.8944 1176.3184
"131" "Suriname" 3727.676 3806.35 3714.6959 3646.2029 3684.237 4007.8034 4272.2183 4709.7856 5002.558 5010.3905 4647.3322 5006.3495 4875.0057 4912.504 4779.7204 5311.2836 4926.2194 4352.4092 4959.6433 4857.906 4679.4334 4867.4397 4578.5897 3747.2852 3051.9673 2828.7875 3855.1667 4446.2246 4829.9598 6252.0264 4753.4198 6121.5035 5939.1022 7865.6888
"132" "Swaziland" 2762.5135 2861.4682 3184.9373 3743.5319 4139.3648 4477.9984 4550.8003 4830.0179 5130.391 5469.3073 5519.0292 5464.0342 5414.7822 5334.0678 5490.0977 5475.1979 5928.511 6456.288 6628.1225 7036.3515 7393.0319 7230.1193 7053.6328 7074.955 7244.4436 7396.5317 7518.6201 7608.6854 7682.3515 8311.3882 8517.0292 9024.5438 9329.3621 8933.5671
"133" "Sweden" 15685.725 15686.619 16002.834 16430.952 16924.32 17396.383 17656.571 17270.482 17343.698 17945.149 18171.702 17960.007 18129.672 18283.127 19028.003 19530.167 20016.973 20665.295 21127.453 21653.066 21712.554 21246.274 20880.224 20226.034 20922.722 21645.598 21857.215 22287.708 23101.357 24167.507 25231.77 25402.48 25763.192 26137.787
"134" "Switzerland" 21081.172 21844.024 22483.09 23069.278 23227.271 21135.828 21039.879 21667.017 22121.485 22890.896 24042.944 24228.098 23773.444 23821.492 24389.228 24940.515 25244.277 25370.78 25901.349 26716.812 27447.396 26979.038 26752.08 26568.526 26819.745 26835.382 26788.697 27094.604 27849.362 27973.7 28831.251 29022.167 28989.677 28791.627
"135" "Syria" 1065.6225 1137.8674 1380.3288 1279.5462 1452.8956 1656.9695 1735.7839 1513.676 1723.6927 1792.0295 1900.3786 2063.0458 2096.1718 2063.945 1946.9148 1866.5929 1723.6209 1653.0731 1830.5988 1534.5167 1518.5608 1611.694 1686.8557 1726.7627 1755.5764 1840.3532 1974.6062 2038.6437 2118.8636 1993.3918 2000.8879 1975.4958 2020.8919 2015.9139
"136" "Taiwan" 2872.1887 3173.2274 3529.3354 3905.5426 3867.7711 3990.9901 4450.0396 4806.4117 5356.5934 5671.9554 5944.6266 6204.3131 6327.0873 6761.8895 7377.7116 7660.6464 8464.1087 9423.0404 10037.598 10748.576 11283.903 11997.552 12758.879 13534.307 14386.523 15175.397 15988.288 16837.975 17409.753 18253.877 19183.929 18750.999 19371.412 19885.647
"137" "Tanzania" 576.13411 558.61002 581.01543 572.4482 564.49179 580.43283 600.81117 581.55597 570.4532 571.1696 570.50297 554.92875 538.20722 512.40968 509.97301 502.18834 495.77315 495.67709 495.79906 493.51993 498.26289 515.143 498.86459 492.78464 474.41778 484.66712 491.29414 773.12825 800.82258 819.1343 816.66238 848.23157 898.75 911.93524
"138" "Thailand" 1748.0672 1847.6506 1832.9437 1939.3537 1992.6513 2068.2196 2232.996 2408.9121 2651.5678 2639.0819 2741.7149 2917.3365 3054.8241 3046.6705 3206.1316 3393.0866 3494.5994 3673.2909 3950.4563 4319.0028 4844.5841 5195.6289 5577.573 5921.7458 6331.1458 6680.0563 6915.2076 6773.1073 6159.4055 6382.8572 6473.5955 6638.3791 6882.736 7275.0243
"139" "Togo" 1301.5994 1375.8803 1402.8306 1287.3763 1316.402 1282.0216 1321.276 1291.4256 1309.5697 1351.3868 1313.8078 1104.1373 1066.6177 977.43266 1029.3268 932.59909 869.66158 869.73024 902.23639 920.13196 906.70229 890.55992 826.01708 815.0238 883.92202 898.41526 878.66306 874.15306 909.76883 868.82025 823.16645 784.0422 731.35357 788.52035
"140" "Tonga" 1041.7556 1045.0071 1056.0204 979.44696 1069.182 1099.1913 1175.2326 1200.9034 1157.7375 1151.3002 1240.0381 1759 2037.2578 1994.8981 2488.1407 2629.6518 2796.2923 2875.7429 2781.4355 2891.3692 3095.5919 3369.8534 3155.1099 3078.8593 3115.722 3234.2708 3184.0719 3249.7882 3253.7403 3274.738 3398.2681 3430.9687 3467.7468 3196.9068
"141" "Trinidad..Tobago" 8858.7102 8400.0869 9512.8257 9510.8965 9914.7354 10089.445 10820.675 11142.535 12326.762 12339.353 13226.779 13658.89 13672.959 11860.926 11107.162 10403.064 9256.438 9181.6942 9086.2775 8771.7713 9093.5799 9269.5816 9845.7306 9512.6871 10212.415 10717.356 10749.096 10773.88 10880.297 12110.579 14770.034 14489.425 13761.892 18390.255
"142" "Tunisia" 2690.7912 2957.6555 3422.0353 3283.5254 3429.9663 3528.0117 3706.6142 3713.8633 3841.0863 3933.8734 4202.3746 4258.6826 4173.8024 4363.5373 4399.5878 4705.7017 4660.6916 4884.0708 4944.9553 4945.4792 5126.3621 5243.1662 5463.583 5522.1586 5717.6895 5746.493 6032.6649 6261.7601 6475.2969 6792.7584 6993.3118 7235.0495 7368.4235 7601.5815
"143" "Turkey" 3031.3309 3137.6335 3274.3411 3290.6419 3327.3549 3517.2368 3797.7805 3919.1903 3885.3211 3769.4447 3587.6982 3685.7686 3697.8393 3828.9998 3978.5131 4057.1136 4261.1793 4512.9244 4512.9328 4434.6597 4767.541 4753.5721 4917.4444 5209.063 4853.3892 5080.958 5370.1634 5649.3782 5727.4351 5458.9777 5714.591 5249.6217 5472.2139 5634.0143
"144" "Uganda" 1059.3364 1024.4522 1067.0168 1076.0543 1040.4575 1034.0085 1017.8276 1020.3339 972.54838 786.45587 749.4617 665.86916 703.44947 740.60133 733.58926 681.43098 673.62058 646.60233 644.85069 672.50021 709.27163 729.38209 735.85717 770.90559 898.50506 863.78891 908.49952 950.09111 977.40699 1031.9251 1057.7925 1075.5358 1092.968 1113.7392
"145" "United.Arab.Emirates" 9755.9444 10802.26 9901.206 15219.561 38427.785 43245.203 43632.623 44557.965 38130.788 42141.138 46959.835 43738.734 36678.112 31561.806 30134.231 27085.903 20155.898 20895.898 19860.554 22002.906 25286.743 24633.291 24711.705 22447.192 24013.007 25345.123 26942.475 28793.694 28586.281 29112.688 32181.678 32848.629 32977.352 35675.617
"146" "United.Kingdom" 12818.939 13132.415 13526.233 14511.916 14368.799 14259.584 14712.834 14823.601 15330.388 15754.866 15470.24 15312.924 15516.237 16061.804 16426.418 16966.673 17627.548 18399.897 19377.488 19783.282 19864.873 19525.053 19538.573 19961.424 20762.983 21266.531 21807.707 22467.896 23181.38 23800.158 24666.411 25133.818 25517.654 26044.012
"147" "United.States" 17429.989 17870.74 18698.16 19580.568 19258.914 19053.05 19944.066 20702.2 21628.031 22049.759 21680.807 21988.924 21434.601 22262.837 23679.843 24420.053 25005.214 25578.071 26342.099 26982.396 27174.146 26789.544 27431.194 27942.369 28847.711 29290.572 30124.935 31248.233 32300.168 33444.446 34364.501 34162.901 34286.645 34875.411
"148" "Uruguay" 6322.9403 6359.85 6132.2576 6256.6797 6407.7696 6754.7973 7001.8285 7075.4988 7475.081 8066.5481 8477.3136 8555.6081 7692.1192 6968.9555 6775.0212 6796.9081 7457.0556 8156.4032 8034.8198 8028.9604 7960.38 8278.386 9095.3906 9396.864 10068.556 9860.2949 10371.109 10859.656 11372.162 11014.772 10739.737 10284.293 8758.9024 8856.2007
"149" "Vanuatu" 1817.6174 1808.0582 1803.1378 2043.1545 2666.6542 2465.117 2437.5168 2341.2684 2667.1403 2672.4875 2297.8023 2324.6638 2499.2233 3098.9904 3171.0561 2949.6384 2990.2736 2636.4391 2640.0643 2659.2406 2679.1154 2941.6631 3109.0985 3147.0709 3114.2233 3164.0469 3066.2909 3217.0382 3376.6467 3111.4239 3234.7292 2752.137 2585.6993 2872.9955
"150" "Venezuela" 7760.5613 7066.9498 7124.2438 7649.5615 8316.4559 8592.2332 9126.7888 9496.2242 9445.6786 9232.724 8815.007 8671.5755 8337.8695 7785.6479 7713.563 7516.5871 7739.8767 7825.1821 8101.9523 7269.7599 7483.6489 8063.0432 8350.5807 8118.9109 7683.3659 7791.9743 7506.772 7817.2072 7693.4657 7192.7795 7322.9697 7468.2063 6759.6576 6251.3744
"151" "Zambia" 1147.0772 1141.5239 1246.7251 1281.0655 1187.6621 1246.1029 1414.6648 1322.2827 1315.8477 1319.1836 1289.1586 1328.6012 1295.5289 1381.7533 1342.0697 1232.852 1133.7291 1194.8181 1195.9495 1259.1521 1116.924 1150.4348 1069.4876 1044.918 935.64851 830.75229 837.26555 854.86055 832.25703 835.84214 865.6494 857.91931 904.25116 945.89421
"152" "Zimbabwe" 2880.1835 3120.4957 3245.9563 3305.9515 3541.3912 3386.0482 3189.8087 2799.5641 2925.0832 3168.3375 3226.6545 3752.3886 3614.1353 3801.6492 3089.4936 3064.0417 2961.1315 2794.0966 3028.7122 3409.2309 3448.0741 3822.5903 3156.4306 3072.6607 3159.4185 2880.5831 3080.2751 3135.2781 3127.5054 3220.686 3255.9299 3081.9819 2674.8818 2437.8611
