"NUTS_ID" "X1" "X2" "X3" "X4" "X5" "X6" "X7" "X8" "X9" "X10" "X11" "X12" "X13" "X14" "X15"
"1" "UKI3" 101844.553115307 105710.430731319 109937.17984888 114852.003052533 120456.154150995 126166.566464581 131199.188649444 135095.318727407 137508.384536379 138972.562917886 140308.689187632 141829.988594461 143400.296117192 144862.648559535 146556.035346447
"2" "LU00" 47593.4902878742 49099.1586660543 50845.8685981745 52930.7962516063 55427.7788180132 58149.7260888018 60841.1032444965 62918.4192914134 64127.6067167491 64883.6509210742 65949.1202302794 67369.1988228836 68941.2116405607 70659.4118133236 72463.4586086952
"3" "BE10" 49787.3061248951 50841.8762447466 51844.237384615 52683.8003653574 53437.458026293 54072.6951482833 54503.0032279833 54726.2425383226 54787.7928357533 54920.8350705961 55328.503339451 55858.5981276228 56354.3593861039 56761.6513654673 57145.6408145093
"4" "DE60" 41513.9649535939 43007.7555620874 44467.3117780059 45921.1583188403 47387.0500176008 48767.3563762829 49902.518894066 50734.2020499245 51251.667299782 51646.7037715741 52326.8338252715 53212.107217393 54154.2802924139 55131.1722400266 56175.9174031373
"5" "UKI4" 38597.2104019288 40218.5295708218 41936.2950754062 43827.988520042 45805.284297024 47519.3786354404 48572.6222768556 48820.2653811634 48329.9385439611 47630.0298998593 47420.1374164351 48107.0542772883 49646.3516793888 51880.4721353404 54388.4418890449
"6" "SK01" 20623.7110594259 22783.2786540906 25003.0524792472 27393.914180733 30114.2570077059 33147.4479404063 36218.5728378419 39125.1258885551 41565.6296270339 43554.5864455973 45319.9979962389 46921.1320996567 48414.0568971506 49883.4593940752 51331.7774922412
"7" "DE21" 34642.7525171308 35600.1843858722 36566.7758518727 37599.6570106518 38761.2738214294 39954.127121721 41022.9139376136 41835.6709557187 42368.7686326297 42928.8700720249 43859.6353963618 45068.1055165742 46355.7796801777 47657.2602520362 48978.2248481851
"8" "FR10" 35410.6145992109 36135.469359578 36826.6257840713 37508.7104392846 38378.0897663603 39501.7365361553 40806.1291569088 42169.468191075 43372.9735360029 44362.7501784695 45361.2273394911 46308.7942115292 47232.0436127266 48156.1612873813 49069.2060017552
"9" "CZ01" 27850.1956795572 30300.4482352794 32742.6694822724 35232.7563941624 37739.778827412 40163.5656154175 42317.5809791898 43941.1186412726 44786.6593675395 45096.1049412601 45289.4916468981 45547.4789783153 45908.40776587 46403.0222033899 46980.7212421637
"10" "SE11" 34968.2097974534 35783.4570762961 36747.7907875462 37932.9442314039 39323.0041820617 40736.7863366878 42101.4257233202 43258.1715561273 44016.0449335458 44526.7595050323 45083.461730676 45719.0165497609 46308.935024663 46805.6855697964 47288.3069956291
"11" "UKM5" 28281.6064503949 29426.0778509098 30525.4922193616 31690.6200675414 33124.1531521426 34822.2840190521 36633.3407098136 38242.085822923 39359.9474433055 39979.6199242189 40500.2060279921 41228.069329079 42213.5404374546 43342.4588704415 44530.4976753692
"12" "NL11" 28503.8050198661 29884.0400683351 31263.6663136254 32804.628541625 34690.6849280415 36944.8530819228 39335.6410238298 41496.3802812161 43294.6998177223 44502.8077519946 45677.7602318435 46832.1641647603 47758.1848211415 48162.841205022 48047.8427490539
"13" "DE71" 33738.906365828 34825.4903595226 35921.8493346846 37081.6798152581 38275.1824316374 39427.4890437755 40419.7023225636 41112.5266918887 41443.5142040276 41604.212640555 41955.2075104011 42456.4103000074 43010.8992941511 43624.7271296084 44302.2025560911
"14" "DE11" 29991.0484133814 30853.806272332 31701.9963851416 32608.442002096 33613.6469518584 34724.7643427568 35850.7637708217 36768.6525372423 37375.3157398768 37972.6540706242 39010.5177030034 40303.1321592336 41631.040129053 42934.2831567229 44259.9363658559
"15" "NL32" 33504.84486928 34555.7425247544 35653.8650011439 36773.5183154032 38024.3900843036 39344.4049941521 40587.5853177671 41552.8485289027 42073.0984504701 42244.7831407562 42408.6549059727 42658.3007498103 43005.922891004 43454.3954283192 43957.6447979607
"16" "DE50" 30537.5153999961 31861.2073587027 33194.8968534099 34538.7882427259 35877.9023887133 37159.0540345986 38252.5935414142 39003.4226246566 39376.0280331961 39606.3488959579 40174.1598565558 41014.2197352506 41985.4217752538 42960.3840621371 43958.0571974314
"17" "AT13" 35548.7155045625 36189.8948491314 36871.2797129704 37570.6924394883 38334.5506180189 39133.9610475778 39918.5024282976 40552.3196926983 41008.5973847724 41364.1488976807 41806.4120430204 42320.5608087598 42842.7432559837 43305.8177163758 43731.8036006619
"18" "DK01" 30519.4491319809 31182.6774909971 31906.7939888964 32755.4583660022 33807.2433244147 34939.8482276736 36029.8135074122 37011.3038788362 37845.7138959652 38604.6294922052 39480.3223776075 40360.3235434708 41247.3124006765 42118.3165931506 42990.7937807109
"19" "NL31" 34308.1449050703 34920.9078453292 35500.3676007768 36121.8757313493 36988.7249808583 38092.7079760999 39299.4213469325 40363.6284470388 41040.1852145921 41345.7670362395 41482.6196642936 41581.6661252684 41696.6102993911 41868.0894868458 42089.2833399143
"20" "AT32" 27713.8152373689 28560.6945170822 29501.3633588164 30555.9002018595 31728.1653480886 32949.0750670834 34161.0391727294 35218.6154681788 36046.5954889471 36806.7922956411 37765.5636706362 38868.1806290051 39985.4239985187 40993.1657063071 41945.6098397375
"21" "IE02" 28779.8898045782 30644.8008282864 32496.9294832622 34284.325268247 35971.5289646607 37429.5893110035 38438.1104114297 38803.9620803335 38519.9164662798 38122.1117849805 38095.4996175427 38441.4936594765 39034.2276674852 39789.1964127559 40648.4182396782
"22" "UKJ1" 33729.4170673545 35066.955183827 36383.7865695228 37568.4916642527 38544.2450567043 39207.2626692842 39462.6812153267 39294.4753810805 38788.5908583421 38223.857277935 37992.9297333481 38212.6461536004 38808.9757103757 39609.8641907813 40505.8212682646
"23" "ITH1" 31725.2210662673 31803.8007363258 31910.3450357815 32200.2104762195 32747.0983634999 33528.6763272876 34483.0762590875 35431.8418380386 36231.2245418258 36908.3811540478 37645.4725316113 38431.3185467752 39183.4634667407 39782.4405912249 40287.4290652665
"24" "FI1B" 31355.0967669628 32062.5870226996 32809.2617957223 33720.291679685 34919.3653809261 36302.9249370345 37732.3139246508 38956.4079304902 39702.9123133238 39978.5071630442 40077.4065994122 40073.2635961014 39995.3460708797 39877.1997661386 39737.1150529288
"25" "DE12" 26461.1418863127 27288.4936606167 28138.0627331107 29065.9074162859 30121.995985336 31265.7515288488 32373.0777777583 33293.3582183828 33960.2838925993 34516.6085273435 35255.4404267352 36083.2305305191 36865.5593101626 37614.6903522497 38396.3977537387
"26" "AT34" 26033.5006835897 26799.0646492712 27607.2685055784 28452.9017992535 29361.5911161462 30286.4987542257 31186.9324328777 31960.3600708118 32554.3403974774 33082.7745309936 33794.8691258835 34718.5869117109 35786.7115578986 36913.0528279954 38061.5466362864
"27" "AT33" 25476.6631879882 26351.8978032411 27294.8663084158 28300.9989449157 29350.5473447977 30375.6033089319 31284.1710630209 31972.1583033385 32450.0053560747 32908.6072188856 33594.8580324552 34546.274782446 35673.1971693276 36830.560928378 37989.5902477831
"28" "BE21" 28878.9839956344 29598.025560585 30361.3896862341 31142.6748435866 31987.25715385 32837.6847632578 33590.5446734277 34184.3943238558 34591.3040062903 34961.8409206619 35527.9636258953 36207.7361336091 36898.7482752786 37529.3521010016 38124.0999368317
"29" "FI20" 28705.7355638878 30083.5033810315 31252.3535079531 32198.0077134656 32993.8112051094 33601.4279562705 34031.5121475172 34310.4894864147 34507.7437369254 34802.9803451854 35262.6657594227 35936.7895726355 36753.3148563147 37522.3183503291 38237.3464175376
"30" "DE91" 22982.7277887727 23443.1371878003 23954.3101406243 24640.1082509929 25519.7035001547 26509.8505491991 27476.151499191 28330.6323633234 29053.1349149186 29874.5997491672 31129.465874873 32660.2363409728 34256.6996564238 35875.0065156278 37494.2356679584
"31" "DE14" 24022.5893491892 24761.9550480645 25529.7064510695 26392.3164546436 27395.5049230552 28490.2210878296 29580.1333928032 30538.4749077599 31289.6573596348 31975.9364901216 32933.2228633723 34037.2772051197 35110.5445829568 36145.5057116575 37196.9541727226
"32" "DE25" 24975.0246445827 25657.865258501 26408.7019292861 27238.2722724445 28171.9215947971 29132.8716395737 30080.8366948363 30954.2715863155 31710.6972685677 32442.951242339 33338.1594454048 34320.575616766 35276.347984159 36184.3326766373 37107.1701457894
"33" "DEA1" 25172.7951426418 26071.0230694291 26989.6037733938 27985.5263406045 29085.4432533867 30238.3227795695 31363.4622664398 32358.0274165537 33077.0299698366 33558.1972795657 34082.9319038439 34683.3248360439 35314.1979649233 35965.0412054727 36655.072798295
"34" "NL41" 27570.2320796918 28073.3235198303 28629.1778272181 29342.8261059316 30330.6310076925 31510.1030072732 32697.8516182154 33660.8698728972 34246.4945447821 34548.32322767 34876.5143881958 35277.4947765671 35705.4488408803 36166.1618649809 36664.5473181738
"35" "ITC2" 29546.6228338372 30059.8160663399 30549.5496454287 31094.7933470751 31686.5890039823 32348.8115133213 33027.481531626 33612.8098732989 34022.6103076823 34300.6470243906 34679.0665638092 35117.9119424209 35564.5755264991 35979.5837715296 36409.1310487588
"36" "DEA2" 26236.7749154836 26924.9723597685 27639.2858175761 28385.8357248659 29228.4567867856 30137.2499925038 31045.7632453041 31833.5844496688 32404.9793908321 32882.8403420809 33469.262874169 34129.0881031173 34784.0750850796 35447.3287797109 36150.5021330537
"37" "NL33" 28169.6173264949 28900.9769553186 29669.197811903 30558.9848111582 31691.9712180893 33004.3527279166 34289.6096409657 35276.5258210957 35727.5475896113 35712.8771364418 35570.3090371785 35459.5775255823 35449.1673894655 35534.031012547 35685.2539962315
"38" "AT31" 24367.4039935673 25114.4769975585 25930.765362579 26835.1681300485 27825.6618833744 28846.5963051561 29822.2151766531 30653.3068703001 31301.105330267 31862.315401476 32593.4650760065 33501.1118817014 34480.8589342431 35428.1314482414 36337.4172088274
"39" "BE31" 24032.7809969849 24924.0013135881 25813.9766706738 26697.4618985501 27649.8555602177 28650.962314909 29688.6099322216 30726.4722113679 31698.0453624045 32564.5900415693 33399.6796471156 33978.5531706453 34476.5008602223 34992.2444566066 35548.2655629233
"40" "RO32" 10041.3005531758 11331.7841067901 12759.6595718963 14473.2334028999 16611.2665227028 19188.8025097432 22075.0822988267 25045.1384231999 27717.9902482973 29737.4349918414 31400.391431827 32773.7887475545 33812.4934892318 34715.566007458 35616.0676945554
"41" "BE24" 25170.3248246195 25844.0809534183 26502.425110278 27169.1323707125 27899.2697925913 28688.8432544699 29485.9754680891 30192.5742244748 30776.7912397582 31351.9663541549 32051.152809519 32855.0892310399 33720.3297943839 34562.614398251 35390.4301742398
"42" "DE23" 21944.9775772764 22618.4366664919 23348.6993433431 24173.6193288273 25139.2584490065 26215.8994373305 27319.5436754083 28363.6486348756 29274.544799303 30144.3788706812 31181.3703831119 32266.6382513884 33284.2821290057 34235.7395492367 35188.9629047136
"43" "DE26" 22576.7111239802 23409.2434223649 24245.5019409128 25119.7339522086 26074.9064182911 27070.8288688455 27991.3258066307 28756.8891153902 29353.3985498065 29949.6316060997 30801.8220125211 31806.2624403458 32794.9540388455 33742.8959668367 34705.8947369207
"44" "ITC4" 30779.2204872992 31125.0108724639 31426.1259796607 31745.8887913277 32159.4421331568 32718.586624228 33385.6121423158 34023.8347053186 34466.8723883639 34688.5297137285 34891.9116215508 35025.9582977728 35040.9040688883 34962.8299337472 34859.2722401778
"45" "DE27" 22663.311119467 23431.1465787159 24204.8522588501 25001.3149281603 25884.6449935213 26822.742473302 27721.9641869081 28485.028158017 29107.1381404008 29713.8933825487 30525.751030486 31456.94528903 32401.5901981204 33324.688551452 34254.9887110203
"46" "ES30" 25341.4509890764 26503.5003362276 27658.9175251267 28832.5103437249 30103.6597759533 31434.545150747 32674.7602328887 33556.3715630412 33927.4840446056 33899.183130896 33738.1568280899 33615.2238414211 33583.0977836294 33644.0564528269 33787.0820017452
"47" "UKD6" 24689.3905020971 26484.4734265665 28137.2538707004 29603.9136059126 30914.6737843049 32035.1293810329 32800.5275657636 33024.4948071987 32744.5731635177 32234.3855237483 31872.4230707554 31855.6753036042 32225.5440300391 32774.5230092276 33403.0189555311
"48" "ITH2" 30453.7059007422 30543.5158738499 30592.7329028388 30697.8015037743 30940.3289282673 31370.2741873252 31935.1436634322 32475.1998691009 32825.0823306943 33015.3985955197 33216.743037973 33437.2462571671 33634.3599661391 33775.5764767796 33886.8905063965
"49" "DE13" 22826.469547559 23383.1297957985 23967.5549164286 24642.2090145121 25442.7474084831 26334.0719744541 27226.24500318 27991.8772695031 28579.3803477571 29114.4654491549 29870.1429292685 30765.1086718051 31658.8356917887 32544.3796167548 33453.3823635525
"50" "DEA4" 22928.1275380108 23428.736103339 23988.8442625854 24679.3538331341 25540.9515503555 26521.6275363185 27498.8196650352 28346.5054047066 28954.8510771282 29446.5821393425 30079.6478760513 30848.5444296617 31671.0242824126 32505.0728077969 33361.3114941218
"51" "DE22" 21068.4682565614 21887.1624006069 22694.9016236026 23530.7850204015 24450.7274260803 25409.7180724515 26354.6298031547 27230.780570237 28006.7475572412 28806.1830564718 29799.659751075 30820.7610351612 31735.1247426692 32581.0669419116 33423.2837423741
"52" "DE92" 22788.7585628565 23342.4980907445 23962.0362485754 24706.371971773 25608.5783959893 26620.7091413922 27581.4452847916 28358.1544403746 28949.1729767614 29471.5325521126 30162.3971483069 30959.4855388847 31742.5329536577 32493.7569362158 33252.5697575637
"53" "UKI7" 28976.885621881 29472.2810120952 30003.3747028085 30546.3000325846 31044.650387538 31370.6111485697 31405.2236345745 31098.2313806761 30510.5421404662 29879.3466466285 29616.148889372 29863.7573954451 30554.3968692968 31498.0908321047 32560.1593059592
"54" "DE30" 22555.1603368607 22894.7599433115 23273.5338958644 23747.4949496922 24376.8904366287 25166.3684965576 26044.2747995015 26928.3360560341 27761.1950088086 28576.9606315129 29495.9506964257 30434.1692747833 31260.268326394 32013.4327271009 32771.204420524
"55" "ES21" 23007.6882152302 24244.665836021 25496.4133423749 26786.5540860918 28187.2852841914 29660.9554999191 31043.9476510492 32066.8917753692 32549.3862864988 32572.3269139984 32432.7075815888 32271.9499067508 32162.2422939113 32132.2611624168 32184.7241645883
"56" "DEB3" 22369.2773463348 22884.4354391732 23468.509156598 24160.9044529279 24974.065817426 25846.6930268869 26721.6353273169 27518.2710804208 28184.5169955321 28825.3664091175 29612.2899383584 30440.6995749771 31220.040920559 31933.247644693 32640.0468696784
"57" "DEC0" 21162.3799675403 21971.0196014261 22849.6784405055 23889.0125537438 25107.7294596255 26382.2946680361 27507.9369753211 28330.71803094 28791.4295683013 29081.9484358627 29587.5227511539 30264.2888819665 30974.3795559077 31681.6412794698 32418.0198301999
"58" "SE23" 24243.8857509728 24979.7019510636 25772.4964309988 26666.4951584524 27614.324672139 28557.9722854203 29469.1333641162 30166.2277083791 30520.613780103 30649.053607841 30889.0110153298 31234.1012490518 31615.6977930363 32007.7179314644 32413.5673016314
"59" "DE73" 21797.2560079696 22656.0073977515 23531.1978262582 24430.3051485744 25323.8155675834 26193.3664623966 26984.784721312 27612.9585986443 28043.2107932981 28414.7906283952 28956.0337001292 29620.9091041511 30370.4205440907 31194.2262669138 32070.7172325319
"60" "ITH5" 28837.3535226088 28976.2704679062 29109.2108495863 29345.9948291666 29762.9688322308 30365.1201116961 31051.3609073228 31598.1842409996 31837.8653894437 31842.9701508124 31888.0058609519 32000.6046315784 32098.3176366559 32162.5993090958 32223.1732599446
"61" "AT22" 21671.9765072307 22329.7181304658 23055.9435125439 23882.3815114338 24799.8100230968 25721.8259016651 26578.0563975754 27278.6366169979 27785.2126424908 28222.8486978924 28814.9749842429 29573.3659109194 30411.3998898202 31230.7167870965 32043.1324865283
"62" "BE25" 22905.4814021339 23504.6315058023 24113.9445851293 24723.162574845 25367.476276059 26046.3704779057 26716.5337653498 27279.2354468914 27697.0994285744 28112.0719449402 28698.5633219582 29405.0523744076 30164.247785554 30924.0498587579 31686.0792516912
"63" "UKJ2" 26257.1612449505 27084.8159046634 27871.3247651842 28577.9714825747 29202.6277504672 29714.6898252821 30035.133523365 30034.5842890165 29738.0462027985 29356.9898590306 29176.7984595844 29313.7368288868 29791.7820378309 30456.7132646882 31187.6245616772
"64" "ITI4" 28529.156985674 29198.0423222306 29814.2625410795 30437.4657529557 31125.0180620219 31848.2910519676 32526.6534165591 33007.7472812477 33150.9502248352 33022.4002611237 32792.0833679421 32482.4014813389 32069.0231984923 31610.4328795662 31186.0711729655
"65" "DE24" 20441.324428898 21002.7906781907 21573.6450188598 22210.8290337709 22975.5011027725 23831.0869603093 24712.9321643826 25519.4083593443 26226.818043245 26936.3583766401 27776.935633166 28663.6387461965 29515.2469477991 30336.3572706495 31177.1272357757
"66" "SE33" 21367.1362055638 22331.7207464405 23349.5634944269 24468.8473372025 25681.8250033381 26873.7336474525 27980.71842363 28847.1271023629 29464.3925063624 29944.4071219617 30628.7606344762 31243.9375897073 31639.82083194 31803.2631911066 31874.7461640286
"67" "DEA5" 20285.6609725253 20887.3797628663 21555.3927976033 22342.0135590736 23258.6926819979 24246.1586316453 25203.7490441652 26039.4161746437 26692.5124311005 27256.0836336122 27952.3736132794 28722.6528198248 29467.8119248463 30181.1171487699 30908.9848040461
"68" "ES22" 23905.2780268698 24993.6384256728 26097.1543401767 27215.9991379745 28398.8014922313 29595.6302140359 30660.7458757204 31369.1082153711 31581.9576309588 31389.4772059952 31060.7368030384 30738.4899316874 30491.772213055 30367.4608791841 30333.7496080285
"69" "UKH2" 27198.3165730324 28169.9375306379 29141.8278365583 30071.0668342062 30908.0414131451 31527.7677694654 31771.9754731544 31605.9512510848 31063.4657544246 30273.3374341683 29578.2302206024 29197.0740545466 29208.2820415242 29514.7354383309 29969.9903751186
"70" "UKK1" 24774.4977115753 25946.8762344556 27075.3351234839 28108.4545472952 29014.7610547671 29697.4284672099 30105.2688371715 30219.5056624458 30020.5194268795 29677.5697083279 29420.6329763456 29323.2745471546 29455.7584607617 29772.6248296292 30187.4924124971
"71" "DK03" 23048.0148237562 23495.9538611936 23952.2105268299 24409.7498310733 24949.1831000389 25569.5616868704 26278.067648705 26926.7531727807 27419.1796225429 27814.6278537918 28313.309982721 28889.0976689172 29497.7329747318 30112.7023354895 30723.854910558
"72" "UKJ3" 24499.0233263256 25487.825508726 26412.7839589144 27228.0028632824 27997.5409747955 28652.976588294 29110.2814426507 29276.9510226117 29138.8357820988 28877.4740114158 28764.190275731 28881.9132983859 29239.3013586051 29735.9066078716 30296.9929802915
"73" "DK04" 24031.89849722 24492.4505722434 24947.8988877117 25394.3475925105 25932.237013492 26566.9118627064 27282.5589300453 27908.6591073673 28357.4838577235 28667.9191869867 29013.6536837934 29429.5088668627 29852.1216655064 30261.4075903386 30660.942685492
"74" "DE94" 20314.6017862779 20734.0490865201 21199.1601009577 21798.1506899432 22571.3710976757 23463.4674579632 24407.6665289858 25295.0402756495 26047.4340182225 26715.4866328691 27486.2475528379 28288.2883501186 29036.3809882469 29727.1712947392 30415.4841389927
"75" "NL22" 22856.4457189506 23375.3171145473 23917.1571951118 24540.8839072846 25350.6700464881 26332.1469829791 27366.8388795765 28235.1263818225 28770.6959145269 29009.6136814081 29168.6345398601 29334.9751582516 29488.8706785738 29668.9602174974 29883.6635831216
"76" "NL42" 22298.9485986708 22877.5794322077 23488.3784899573 24167.1012869789 24999.3627799389 25932.0417195869 26864.1188118823 27609.4480876505 28003.6245678159 28136.7315792788 28290.2725180888 28531.873727611 28834.7179483163 29214.8881242578 29650.912327758
"77" "DE72" 20897.1040341831 21609.4151863152 22354.189692978 23178.3844788918 24088.2861179005 25013.639667225 25854.0644052225 26506.9972634939 26893.2248688047 27108.4142857613 27441.3165999614 27891.3366112808 28403.2684636016 28971.2924430009 29589.0658813794
"78" "DEA3" 19806.5473482688 20469.1659738754 21178.7370237589 22003.1463663763 22965.6819463832 23993.1282898147 24985.7608112849 25828.9543990374 26442.3622115103 26901.0047032957 27433.1243751438 28010.8029752779 28584.822351898 29152.2358771597 29744.525346915
"79" "ITH3" 26683.1905689629 26889.3114350497 27098.1218101024 27410.021373479 27845.7103149212 28376.2854044139 28917.5297615547 29325.020841235 29483.5313364974 29481.8306057869 29523.3229937091 29606.3199479433 29661.4012371757 29682.1354384214 29716.2669307476
"80" "PL12" 13755.5698963934 14363.6062305792 15026.751381342 15805.9371683663 16757.8151903216 17874.0870989391 19121.2041154982 20453.7635254484 21806.9699557592 23235.4258693285 24744.6185361328 26222.3670870558 27597.3516872002 28858.6737677396 30075.8584898957
"81" "BE23" 21135.1313605683 21833.3008647979 22536.5693513366 23208.5476641257 23870.3555508929 24525.7451331055 25167.2116440881 25751.1310958684 26239.1256374201 26728.6364423776 27326.8445823885 27976.3492983198 28615.4546978563 29218.2490009516 29804.3476759026
"82" "ES51" 23034.5828729163 24090.6038820441 25125.0916315053 26134.0162405062 27173.3331672123 28213.5552713081 29133.4621057241 29713.6643799816 29825.4188666858 29593.7960376452 29283.7993459983 29033.4248788604 28919.2608279872 28948.5474045165 29077.4430871085
"83" "AT21" 20802.6025772195 21439.9447889411 22156.8705883075 22946.5723967331 23793.1433415029 24641.2249664249 25436.5558806664 26086.2786987666 26539.6870943585 26908.270149272 27409.1670102398 28034.1936001113 28677.6991200971 29276.5617953905 29851.2279919689
"84" "HU10" 16778.754190433 18405.51850441 19939.6821479178 21303.7614897813 22557.923755159 23729.734330844 24789.4908028042 25670.7332640723 26340.6832792324 26835.2450906171 27279.8136158816 27714.1445581827 28181.2234421357 28705.7726630472 29267.5188654816
"85" "SE32" 22966.3381820503 23601.8776657535 24194.8030403287 24814.1997701272 25497.9848330479 26185.8032437692 26865.622443682 27479.681355174 27991.7193096437 28400.7266216619 28835.0185162565 29166.7939589893 29374.6489528211 29474.4924672744 29550.2896394204
"86" "DK05" 22515.3568765659 23020.3387726254 23522.8635684344 23985.2199601222 24494.0384728687 25090.3144382342 25767.9970321202 26378.5851203104 26826.6980434496 27148.3815229326 27503.4095932026 27915.8152450333 28377.0859342862 28844.1786776173 29309.7167421969
"87" "DEB1" 19768.5897625906 20368.713808816 21021.863493027 21754.0702437984 22571.8673308209 23425.1367847773 24236.2618634193 24923.6039389339 25463.7224853612 25957.400346512 26575.2247685391 27238.5989421534 27888.8900950998 28525.2896243782 29180.766511773
"88" "NL21" 21960.5587437429 22481.6052917078 23024.9624406738 23647.8839449687 24451.6295684128 25417.7976436311 26439.7257723027 27343.9039331255 27950.4659812291 28248.5211424433 28427.1040856007 28571.4860967435 28682.6018082174 28829.9480768893 29021.8054703114
"89" "PT17" 22080.7772663236 22828.2445885171 23610.7875480989 24458.9626482944 25417.6003846333 26458.0972289181 27421.0335914102 28153.6943257437 28563.9989109275 28711.2757338512 28740.6133556562 28699.2962200676 28676.1106339055 28727.9555087793 28851.5520548733
"90" "FR71" 23096.7954762822 23581.2681151356 24050.2534777838 24539.2613896001 25139.7611195121 25808.9401141117 26449.6240408686 26947.2081489947 27243.1478411631 27431.3452162075 27694.7987183757 28035.491557322 28392.239147761 28762.1782552354 29127.6873816464
"91" "SE12" 21707.0072058906 22386.8950501958 23113.6617415585 23904.2829190049 24757.5483429119 25607.5625066153 26427.2221685854 27076.2140862338 27441.8694699986 27655.3252765202 27985.0193472397 28386.5374793545 28753.862374504 29031.1307376306 29265.8612937562
"92" "AT12" 20602.2728808791 21103.2657894241 21683.8950370284 22359.2744364436 23115.0945944965 23879.5622081831 24626.4688393799 25268.8760966542 25747.6105742724 26136.4786910363 26629.6691738641 27239.5341591083 27893.6787153029 28513.3824455248 29100.9363584023
"93" "SE22" 22685.0855152666 23268.148844385 23917.5984910607 24640.9169577495 25442.7709883374 26257.2806134705 27027.7225056611 27576.208439266 27704.4145877362 27617.8237742403 27649.212487909 27808.5054139946 28049.7532396838 28325.6457859245 28628.9123553147
"94" "DEF0" 20849.5440356922 21283.6087282971 21741.7463751912 22282.6525341363 22910.3433428635 23567.610533642 24179.5909038831 24676.6035656152 25040.2330862454 25351.8074626825 25798.2173980358 26382.0644013856 27058.2351981265 27768.4862094312 28509.2562247724
"95" "ITC3" 25232.743203421 25634.9231120494 25999.8641081305 26428.7395811888 26974.7446634484 27654.4761541429 28392.571706354 29024.9527885009 29356.7293959859 29381.0190780513 29305.8626805816 29198.337996973 29028.5847917287 28799.0087498364 28587.441989607
"96" "ITI1" 24794.2917630165 25099.7426368658 25374.1068286324 25682.3388343353 26077.536057412 26583.6216878066 27148.1131462771 27625.1483835326 27893.1672468778 28002.5858422522 28116.9135160948 28271.2458800843 28433.9723833243 28578.0831341047 28719.1326593837
"97" "SE21" 22074.792099249 22688.8153285263 23354.8718219237 24078.7843909973 24841.5963557951 25595.7455338058 26367.0143255907 26957.8658463023 27208.0409189985 27236.0218313288 27415.0043239031 27728.4206443186 28061.302348348 28358.133688673 28633.5905422397
"98" "DED5" 16511.0330777224 17232.1875242993 17967.5766784406 18726.2852438229 19522.585655572 20350.5447098026 21184.6154977373 21943.1639570305 22611.0175456989 23294.0974886339 24160.5622034153 25171.5145094413 26214.3672735641 27245.0910411247 28265.3575936942
"99" "FR82" 20999.7104470131 21627.5122507664 22223.3603829976 22798.8992120619 23426.035445035 24064.8519150628 24623.2657840853 25030.8179076326 25293.3266157814 25555.6793733867 25947.8313867789 26430.8291625463 26958.0661853927 27494.0032740144 28025.8106574449
"100" "ITH4" 25491.3381497127 25692.3110954365 25862.6699372061 26101.0307957979 26511.9826020349 27103.9493594127 27739.437855101 28216.3229787639 28390.1695632489 28353.9307648016 28330.1326095476 28292.6722012443 28178.6254261215 28006.2406182098 27829.1860433604
"101" "UKH1" 22580.3305793693 23520.1824278345 24447.1813836005 25361.2453655149 26222.7432710489 26918.2447391914 27330.6804855637 27308.0620675161 26933.492164709 26432.7835260001 26106.3901538937 26057.520686734 26276.3613382422 26663.8950122624 27140.8867985194
"102" "ES24" 19754.1792964039 20911.5912848042 22076.3345857799 23237.8859063376 24437.5084197594 25646.403554313 26749.7713911049 27529.3874425515 27823.0637984923 27719.9105579585 27481.3476122226 27237.609163284 27073.9137951861 27037.462625847 27083.6305659551
"103" "ITC1" 25457.7160397598 25799.0025484515 26115.0544907816 26476.7968926364 26920.7460613769 27439.1308015427 27940.8605478525 28264.5838067788 28306.4113971371 28160.1207286588 28062.4633875331 27984.5716433638 27855.5836237495 27687.1059933504 27529.8520370271
"104" "ES23" 21046.0271926252 21904.1230271113 22770.8545107775 23654.1976084658 24582.7915632939 25544.6040010253 26434.355897296 27043.6315875782 27238.5184637768 27102.1228637841 26871.388171288 26670.9181117713 26581.8943033103 26642.1514660982 26812.4212317983
"105" "NL23" 20508.907558061 21308.8647190402 22139.3966707296 23061.6598487931 24114.5072215776 25246.9261816234 26309.5829660183 27033.6356227901 27260.7089254041 27147.0459476787 27015.1763353681 26940.1023825977 26930.3981698339 26988.2213963277 27094.8660541564
"106" "NL34" 19508.2001387505 20206.8922649211 20936.2723688917 21693.9256660748 22535.6337928601 23470.1502790657 24452.5272476519 25346.5927769283 25959.7705855804 26300.0295479853 26605.7752448269 26875.4085291118 27074.406214674 27236.1797506898 27398.2355919876
"107" "DEB2" 18182.2315766652 18871.5834099935 19595.7781910554 20362.2055219855 21146.9304943495 21900.0653161955 22580.2133164756 23145.9673735507 23575.0862351457 23949.9738692171 24437.0204460984 25018.6203170481 25655.2445619492 26336.3850099567 27042.6943603139
"108" "FI19" 20066.0357995179 20795.1357506698 21529.6699738988 22323.8510211749 23227.1442486443 24189.1988490652 25139.3209354126 25960.5448048112 26481.6134047197 26729.582513827 26958.4497660668 27193.4795931603 27338.5844642584 27378.7201136061 27388.668761167
"109" "SE31" 21063.2747790079 21704.7076224499 22432.0165012506 23250.3242311767 24111.6309877951 24911.8850696839 25609.1738173744 26079.6829602485 26262.1304169078 26290.4848323144 26448.7739847254 26686.548079227 26929.55348335 27121.6888719483 27298.1243625402
"110" "UKM2" 21815.7049527095 23065.6931962992 24313.1686474553 25513.1076023366 26618.3793735088 27483.7560571637 27993.0690497319 28000.7487784977 27538.3346227883 26861.2461573712 26250.7694173678 25914.3910527202 25907.4746065915 26139.0810537098 26485.0754317484
"111" "EL30" 21275.7357120618 22945.6770238991 24603.5006218065 26181.7804680302 27676.5304253275 29022.6794815708 30190.91175658 30956.2826531238 31143.3016929181 30695.4731731789 29789.3731202554 28698.3018527882 27729.2599901769 26965.519855375 26325.6721729079
"112" "UKI6" 23374.6484974935 24152.0331230972 24965.4739891019 25794.7020362132 26576.9723668802 27170.3877577581 27436.7354068011 27258.5404707221 26656.4504411459 25881.7463343819 25304.6770961558 25074.4122586925 25195.3730188319 25564.074612023 26093.7725907018
"113" "BE22" 20718.389027123 21136.1540858804 21546.496900298 21916.8505722955 22287.5286997445 22696.1487889496 23150.3237542561 23562.2827037774 23868.2029449462 24154.2965525903 24607.8631303466 25183.5148334373 25786.6057162292 26373.127459739 26965.2148303869
"114" "SI04" 18290.6624129987 19492.113638462 20727.0588778455 21998.2539629156 23288.1253049831 24499.3786812928 25520.6198202917 26208.5538614203 26448.5867728723 26316.7559050142 26137.3247245528 26039.8757533928 26052.0195575103 26178.9865823386 26401.6841441094
"115" "UKE2" 21421.7176714812 22791.0399594739 24140.8874200296 25341.2188321954 26303.4509878139 26916.4056655763 27148.3524861234 26980.9361636041 26468.0650143874 25858.6975686655 25454.901954329 25357.3546882816 25529.9479747347 25879.3972677745 26307.6263455295
"116" "FR42" 22781.6597699024 23083.513062549 23356.3007920112 23605.5953050969 23923.960821892 24323.0663136669 24762.7470201895 25151.1475710408 25386.3730725715 25518.345019766 25679.1652159969 25902.0002614746 26143.3503218497 26407.3955209371 26675.3799310556
"117" "FI1C" 21131.5740931246 21798.6751079382 22508.7242678517 23272.8817006954 24116.9116514427 24926.9172929561 25634.2959338673 26134.1381159347 26300.0470314984 26224.1637743484 26222.6219132355 26367.6888130144 26536.0123324223 26657.4101201139 26767.9378515564
"118" "UKG1" 21154.8594890086 21873.9135223144 22648.1900373787 23505.08535239 24352.285379556 25000.6623747019 25332.7229329243 25246.8676693671 24876.2615299064 24474.5706333199 24347.2592535998 24563.8603634074 25058.345454828 25690.4683618016 26374.6476454959
"119" "FR62" 19959.1481809446 20633.2981450866 21249.9844002775 21810.4155343523 22403.8026311016 23021.6902888195 23559.0146848242 23907.2415502223 24076.394266549 24203.3375673036 24444.7131033376 24844.6285147342 25344.0373450421 25892.7525754531 26449.5412119517
"120" "UKF2" 21513.2434274448 22364.6235323589 23245.8846888817 24160.5681834449 25040.8737522586 25761.310222182 26205.846619713 26264.6423358001 25938.9213022381 25443.5646770934 25067.2262100746 24915.5893025552 25035.5811622967 25359.6347086519 25782.4898750062
"121" "ES53" 23889.0368076814 24372.3846476734 24825.4865984363 25270.5152271135 25789.5652450984 26357.4489274462 26854.6481099964 27088.4528001972 26953.4093078973 26553.9114949138 26145.8077338004 25848.3205579243 25693.3432632449 25657.0378564537 25700.6314221228
"122" "FR51" 20702.5810653462 21260.9251018271 21770.8561678525 22222.2132766749 22689.49845469 23179.6596040258 23637.3248740597 23994.3768775252 24192.7262473061 24319.1833158822 24541.7222161642 24881.247750522 25271.9891667388 25699.1760725146 26136.519808871
"123" "DED2" 15733.3872231992 16727.1168807697 17715.5045826282 18672.8696721399 19571.0507594491 20370.227307158 21051.2106563567 21583.5757789901 21960.7039419862 22306.6042876344 22799.5733275063 23424.8508871521 24135.7450597209 24913.5877964176 25733.9918388916
"124" "UKD1" 17956.0828443996 18882.6925231561 19848.3289468086 20846.7880565483 21832.1331620768 22654.9414840481 23304.6489371839 23649.9007987583 23718.5985160957 23626.6594087195 23615.0250335776 23776.3714422228 24200.9706808355 24806.8753648405 25479.9828007289
"125" "NL13" 20364.2269267725 20831.2102277161 21303.9172203761 21815.0779600342 22460.7957467123 23238.7614068263 24008.9384473186 24593.0885500391 24827.5432452668 24773.7398952745 24712.7089430922 24785.6824485062 24987.8590404077 25284.7281559273 25611.7217857301
"126" "FR21" 21391.3107645987 21719.1724282973 22064.4243696601 22441.3892778238 22918.0819427793 23411.8948700658 23837.3274543779 24106.9759111995 24159.4640633142 24140.2995877136 24249.475911259 24488.5385267776 24755.1167812951 25076.673857553 25439.8542532852
"127" "FR23" 20720.7511335487 21179.0528496758 21618.0343844351 22037.7271005107 22499.276859077 22977.7931852268 23400.5013066006 23682.1795412024 23769.5259979803 23820.09005929 24012.2969478102 24329.3574767335 24704.5149476026 25114.3154656829 25534.5827446235
"128" "NL12" 19322.2432869296 19722.5951994638 20135.3881860893 20633.4480889831 21299.938640548 22132.6718789495 23017.4696598652 23786.9263383412 24286.8411238447 24557.1050117086 24799.7144174507 25079.5289547152 25333.4539303543 25549.6700184659 25743.0052642908
"129" "UKM6" 19443.608239666 20481.5983118998 21544.611065787 22644.6134530771 23722.4346549936 24535.7657002678 24918.7080728319 24891.6407445753 24567.9493957342 24126.3571874129 23798.7153773982 23748.6580734908 23980.0249231076 24424.8702819071 24970.4445178505
"130" "FR61" 20588.2088548209 21159.0393510753 21667.7564305583 22106.8003803265 22569.7704585473 23069.1778625357 23526.3705162391 23851.6278855994 24015.01015396 24154.3170429685 24388.946649639 24685.6063441104 24964.7720325795 25213.2226061854 25439.3734308546
"131" "ITI3" 22517.2110128766 22931.1060197646 23310.2472645923 23694.9040221372 24155.7060048418 24716.0982816069 25294.6129605583 25711.2064247651 25834.6969836067 25740.1099185003 25608.9189934858 25488.1803856435 25359.5232330954 25222.467812261 25115.0106822643
"132" "UKD3" 20422.0847314685 21534.2333634409 22610.8484383784 23626.9190610954 24555.6985862659 25254.1333187885 25618.2577897593 25567.4451992684 25146.1475010443 24580.0254169324 24119.3560686113 23905.6125110501 23997.1708282404 24291.5091024056 24670.5580832506
"133" "FI1D" 17604.9489717678 18366.3103413665 19190.8798754823 20083.2560840137 21033.4966967823 21954.338470167 22785.1586890619 23424.6404831343 23773.8415918015 23905.8772771796 24106.048146696 24386.7144434298 24663.2687069886 24901.229166031 25119.9910560978
"134" "UKE4" 20407.6486253583 21362.8951414652 22348.9178775149 23354.4298308154 24312.3171382728 25082.7571638622 25539.9565294356 25592.8807106267 25272.1021383596 24769.3323298581 24344.7464602085 24135.4265317197 24143.2951130674 24300.6065278521 24532.6878815834
"135" "UKM3" 20012.4602077862 20969.191500637 21907.9291602421 22863.6089132536 23805.8978206851 24582.2855174296 25007.3179870705 24994.3755304024 24615.6675702885 24056.303444728 23562.8856804734 23325.0082531212 23394.2034293918 23722.0021555066 24180.8628289839
"136" "UKL2" 20901.8327968056 21865.3666984143 22860.6073525342 23876.80283993 24797.504064961 25445.9734775978 25709.8728774173 25517.5083075805 24939.6061508618 24284.0914608227 23836.5523068869 23709.1221247462 23848.0859809908 24134.2694022512 24472.8041581997
"137" "UKK2" 19944.4154065473 20617.5811435647 21331.6404155346 22124.6737744389 22949.6993057742 23675.787291127 24148.0561231595 24263.498227954 24055.417051887 23690.9563248626 23408.3930484827 23335.4512123716 23486.5119183959 23790.2840744431 24177.6346814571
"138" "FR26" 20165.9261210578 20564.9829471406 20953.4915938542 21342.5066102868 21798.52389051 22285.2382709495 22734.5807655494 23048.844264902 23140.7887371115 23123.359067898 23182.9739450434 23374.3146054664 23658.7864548783 24017.9045621161 24407.7781632361
"139" "FR83" 17236.9587700907 17676.0962544292 18093.3203355531 18518.5422095394 19030.7418187762 19641.9323521257 20295.2083074457 20926.9550062538 21506.3244408766 22046.1558026396 22574.2763723286 23079.1285023067 23553.2703253644 24024.5994139234 24496.4900883469
"140" "AT11" 16531.9291324195 17127.0357183401 17749.0336430736 18356.4885304985 18916.1206216014 19385.6119924893 19800.0654198128 20164.8857614244 20501.4674080064 20900.8230284133 21469.7305062184 22186.8360404493 22987.6289491381 23777.7047838454 24544.6384642696
"141" "DE40" 15423.7849048356 15982.9462802347 16570.3020708601 17216.7752871005 17942.0406080071 18715.088666695 19482.183598998 20171.1753540789 20744.7645052608 21250.263569214 21823.8227417674 22433.5500476753 23043.7418730095 23645.3265962136 24254.2338960497
"142" "IE01" 17487.3611107137 18973.8173991842 20430.2959099405 21767.008081399 22937.3180063855 23803.868484702 24271.3314351291 24211.7598188945 23693.7935676059 23088.1910418473 22734.7036313862 22718.9721592943 22929.0848676215 23298.0944529308 23754.4000329657
"143" "FR24" 20522.7779057716 20977.0278282889 21395.6332858828 21778.6253611036 22190.7338107603 22604.1083338855 22944.38121979 23136.5274243629 23146.420908327 23126.091244507 23220.1406603953 23424.9967843631 23685.8647391184 23975.9501618712 24270.7203315724
"144" "FR52" 19782.6829300003 20346.5183223507 20897.124445901 21445.829100275 22036.4201737526 22593.3528985692 23003.2552791603 23185.8188561901 23140.214325657 23043.8813665692 23083.8253658297 23280.0306916904 23559.0696538706 23882.709651419 24219.266938765
"145" "UKH3" 20102.2487445343 21165.94904384 22197.2895440202 23153.3585989349 23943.6782354012 24501.2331044063 24784.0193392733 24717.8357766202 24327.0381587815 23809.1285038323 23421.2827244426 23243.2161726694 23271.2389646587 23446.7466289295 23715.7364596555
"146" "DE93" 16743.57409199 17053.0393179491 17403.5326891898 17843.5960601219 18389.2060548847 19001.363927998 19626.7979652002 20196.01822375 20667.2470864738 21111.3440203985 21668.4089587146 22300.7267913494 22943.6369748355 23564.3626790896 24187.1451580549
"147" "DEG0" 14665.8404154722 15298.6299663517 15952.8850507556 16650.2904075922 17388.0691676486 18139.3979964974 18863.3624928874 19496.7445761278 20014.1881666656 20518.8580527677 21175.6489160342 21922.4381496225 22668.9993201246 23401.5158901928 24143.1314312595
"148" "UKJ4" 19816.4860597984 20749.0861451859 21663.0484610056 22515.8814544601 23287.005818991 23873.3012153262 24157.7263731553 24107.5118277155 23776.6518945392 23329.9389967243 23031.9012542424 22966.2765475892 23115.6985565819 23388.1967134229 23721.2886812621
"149" "DED4" 14351.5909354004 15097.5109165031 15867.1763479418 16668.7309334119 17499.5701609381 18330.0925691993 19114.7654711241 19771.2413685696 20262.8102880127 20685.3636369593 21220.7431768331 21829.1324871447 22451.3962391109 23087.7379060057 23762.1375628453
"150" "ITI2" 23075.7064580405 23226.8510975629 23349.8827037987 23524.3920678515 23805.988748217 24198.3795725344 24624.3131687287 24910.797433119 24928.9501550278 24724.1615344787 24513.189746691 24332.927121367 24170.1556287388 24022.3888996196 23891.9156642245
"151" "UKF1" 18991.075487069 19796.4765420313 20603.3055190625 21413.5540935067 22212.6850576578 22871.9925488487 23228.741095187 23220.6764169646 22924.9456592433 22559.3877403707 22385.8502732156 22464.6788321873 22746.4829479806 23155.5235381403 23624.6242485346
"152" "DEE0" 14540.8511825076 15238.4518370858 15961.5163024628 16713.3560955037 17503.4401246794 18307.1003231804 19083.1182042485 19757.1392294164 20289.5099475373 20759.4346307576 21327.7959596177 21953.9670737372 22608.8737591962 23254.8070702775 23900.638259792
"153" "FR53" 18939.892051808 19478.2137426766 19978.1527052559 20420.8120124284 20854.7903042357 21261.3562987307 21597.0122652887 21808.4434654882 21874.8131984612 21949.9338088619 22175.6475295906 22541.8071841296 22978.1619912268 23439.7720201695 23901.1914216484
"154" "BE33" 18215.7206878797 18589.0910917173 18973.8661854942 19365.5960844748 19796.3323142446 20255.6310268729 20717.6352041501 21131.5868635667 21475.9063899495 21803.9602699543 22220.9699678452 22687.5233046935 23128.8529067154 23520.187671376 23896.140031066
"155" "UKG3" 21771.9699997468 22485.7009616637 23171.9167236212 23805.3899317934 24365.3865565754 24734.3101792751 24800.1025321485 24509.2157187675 23920.0854375601 23281.6728719517 22855.7255353581 22714.9232816826 22827.0298791715 23077.4213710017 23379.1490196826
"156" "MT00" 16171.388088114 16588.6385092613 17058.4668363104 17571.2688136812 18124.0854919839 18718.5549116399 19320.461434353 19908.6206359648 20442.5742628201 20928.4847595096 21429.7026885727 21925.0210510273 22436.4804177197 22966.1179913318 23510.1341077102
"157" "ES41" 17033.4007878809 17976.0884868149 18929.4320596879 19891.9132225487 20889.3045618959 21884.6725486203 22778.7949237093 23410.9018203712 23671.6161840207 23641.8166688132 23502.9233394607 23349.6655936651 23228.3050948146 23161.1570113109 23150.0076963856
"158" "UKK4" 18142.1623682363 19206.8606753488 20248.8130035436 21244.175665847 22145.2948947183 22801.4488160815 23134.6683727056 23114.7526967865 22817.9539808872 22430.1639860848 22166.4018365147 22108.8604185384 22297.1083246753 22657.2964804786 23084.0384795533
"159" "DK02" 18468.0397086168 18942.2526692677 19405.5792765398 19840.3727499718 20292.0936248557 20719.7427964881 21099.5861801888 21356.7308438394 21496.3500664912 21642.5401921813 21919.9815543084 22270.5480555218 22648.9165497817 23014.4762021648 23382.7895297827
"160" "FR25" 19039.5404901663 19525.0121988328 20004.1574290725 20466.6477506459 20949.4895446613 21415.0255521239 21801.6801868932 22045.4737744887 22130.1578105272 22176.2079867069 22315.2747450421 22538.8152496738 22787.8427055362 23061.1598776158 23343.5146980133
"161" "FR30" 17888.627768345 18427.3772716754 18951.9463320705 19459.7741431272 20019.9884853108 20628.1532761866 21212.6342756698 21681.292719486 21971.9683592536 22153.4941114731 22363.1879551645 22617.8088115122 22876.0055288741 23141.5775457663 23406.1634160848
"162" "FR72" 19185.5160348081 19660.152299493 20121.1059986085 20561.0701986666 21033.3610064016 21501.5232967615 21891.7641836696 22130.0470535679 22175.6530235107 22191.0556819819 22326.6241337034 22574.1585742802 22857.1993379246 23151.4213869641 23439.3477896583
"163" "DE80" 14846.6569680457 15366.8546616014 15911.5872402697 16510.6928433071 17176.155651527 17886.2489908136 18607.0612828067 19290.881110616 19872.867252102 20385.637507427 20930.1509164166 21481.6645177082 22010.6112033125 22538.3575424071 23084.5723116394
"164" "ITF1" 20493.2537874305 20508.1281241916 20492.0818549637 20524.8938738875 20703.6099783091 21089.2929457528 21598.4279572135 22085.2133223655 22436.098877729 22667.9003282459 22919.6575584213 23175.5464002408 23352.5974763428 23419.7539853272 23433.543529579
"165" "UKC2" 17209.1669275372 18491.4460562971 19756.2584766511 20955.5061111857 22048.0895262231 22872.0283102961 23273.6477277415 23215.7485132489 22809.3477650692 22290.9428193334 21943.5353697615 21875.5762589803 22028.5506704545 22299.8515862121 22630.3038810083
"166" "BE35" 16931.526105121 17406.3854969056 17886.2807118708 18354.7458936925 18828.5502721469 19315.7037340197 19803.6481225531 20245.312683546 20625.0429631888 20983.9344783048 21391.0758716068 21790.1262692788 22158.1726580481 22489.881821557 22818.6129181602
"167" "UKE1" 18335.7629112982 19404.7808099209 20484.0766427359 21535.1634143482 22506.1018665248 23275.3265947373 23768.2958958131 23930.4158114219 23744.1650399031 23347.1557497686 22869.9337031458 22483.4997421992 22267.6653165899 22176.8819172271 22170.7745843659
"168" "ES13" 17693.3468073942 18628.7885420821 19549.294787587 20451.3238879927 21387.4470213689 22338.0235437067 23189.4212875782 23757.9243185623 23909.5092962255 23708.8849891641 23363.2386785786 22982.3360474031 22633.824589999 22356.1780331436 22150.4581692139
"169" "UKD4" 18695.6942748685 19573.9017841594 20468.7982094715 21353.2481813601 22157.1086168654 22721.7167240098 22975.2723321175 22890.5005946708 22492.0830920134 21966.2213093417 21564.3834371297 21399.4422563572 21493.9691980627 21758.6249322679 22089.0350573044
"170" "UKG2" 18374.3716411584 19198.0598978471 20041.8486919505 20862.1489772277 21608.6759167257 22141.2008371351 22382.1069184704 22295.1852068046 21943.0896412551 21501.2445278509 21234.1798300201 21214.2263867345 21412.2462641629 21748.8253065966 22142.5899560605
"171" "CY00" 17910.8310594265 18830.6785947858 19764.793160637 20786.5332123059 21942.8902994167 23171.0106576246 24353.1780746781 25328.3146331057 25910.8339234875 25990.6191951068 25679.8202694887 25044.0878969411 24200.3015846542 23258.2867763071 22327.8206620344
"172" "UKI5" 19042.9162826668 19549.9166848811 20066.0504818687 20592.464398822 21103.7370838342 21495.6528811872 21663.3982017494 21534.8549953991 21155.7614997348 20710.2791530913 20469.6475538455 20527.46163588 20854.172724462 21335.8382831179 21897.8481394602
"173" "UKN0" 18914.7874461427 19739.7676449459 20594.3818523663 21501.9012538297 22390.4959383833 23140.0317944615 23599.8953603575 23629.0680872506 23214.5481686629 22594.6829041563 22069.491886307 21779.8454430257 21727.4952004143 21821.4175136906 21982.1895060059
"174" "UKD7" 17647.9296880401 18621.9807222827 19588.363006439 20503.8908748572 21343.2405808555 22032.4658377748 22506.7018660192 22663.8893519488 22544.8966833605 22260.3699517398 21945.771779234 21694.9055957123 21578.2513463665 21619.1040810744 21748.2386342951
"175" "UKF3" 18090.6198268825 18880.2907254905 19591.4624517973 20180.7893174232 20606.2916417009 20909.0634531755 21081.1921177199 21049.3148486989 20823.0781206421 20532.2380322873 20414.8581830695 20543.8440872578 20893.7239498301 21384.0109218033 21919.222322221
"176" "FR81" 17478.2916985392 18004.9646223035 18503.1108743016 18975.4094431985 19472.0415777713 19983.123015885 20455.2428429615 20821.6904618807 21038.9164206491 21171.900793372 21327.3970268509 21520.6544409479 21714.5388312288 21916.6112827077 22116.1066674022
"177" "EL42" 19721.2058685124 20669.1019849759 21645.6051624775 22684.266144459 23731.3388483659 24671.5946085302 25400.7905435453 25739.22863464 25539.0843760757 24758.2566805713 23684.3909606737 22595.8115600385 21757.3402686134 21226.4690267399 20875.5153317813
"178" "ES11" 14501.9524203274 15483.7244327181 16481.1840578563 17512.6229992549 18615.3435111695 19760.6281679751 20837.3045822594 21660.4998597342 22087.3723729499 22157.4005168991 22056.0831069029 21895.7348755781 21763.6972584372 21699.9941109004 21686.4577270375
"179" "ES12" 15733.5126445865 16718.9900817933 17715.1054958662 18745.4584505845 19863.2316303888 21034.3343676262 22118.5589337817 22890.20410152 23200.5992141006 23110.64095854 22841.1301475986 22499.1650406703 22153.2630735333 21856.0752754585 21619.7305839514
"180" "ES52" 18166.5593770001 18946.5223301882 19699.8357830563 20424.4066624543 21166.1681699429 21903.1484410903 22538.788704274 22896.0264372966 22871.5929252773 22554.8552233676 22167.7255186747 21827.3391625669 21591.9954234247 21483.6193036179 21461.4165377682
"181" "FR63" 18754.3083550815 19260.6959136907 19726.3941354868 20117.0023374663 20489.8967749477 20851.7333292551 21114.7843977206 21199.0450449958 21086.1448320969 20933.8661128409 20886.2080679089 20985.7512999279 21197.2831206593 21487.870633876 21809.0156440454
"182" "FR41" 18977.0465096204 19439.1170953669 19872.8602395741 20275.6897654441 20697.361857847 21095.522339182 21396.2391345926 21526.2965949534 21461.0808096039 21331.7704126912 21275.7711088259 21313.4053365879 21404.8721571448 21540.2257778104 21692.7408607552
"183" "CZ06" 12452.5607484565 13232.7900145947 14004.60956098 14802.363265524 15627.6574763818 16465.7204192245 17265.3551235023 17932.8493515893 18380.0340460993 18705.4842533918 19074.9695724506 19573.3821217164 20177.6188880382 20852.8357187902 21551.7694392605
"184" "FR22" 18896.261843215 19252.3903884758 19577.1170388222 19862.6574371836 20168.888500278 20497.661954874 20791.8073676955 20994.5283926868 21050.3395049609 21064.6306368008 21166.7373996958 21331.654503247 21491.6986731044 21622.1219143982 21731.504444562
"185" "PT15" 15851.282169591 16551.7678622634 17260.0484078013 17991.6358011079 18768.4342918384 19581.6864014705 20283.685164788 20729.6537923393 20841.4258683067 20712.0903700982 20556.108136193 20474.0055458542 20525.3316765543 20677.7947184289 20895.0497933651
"186" "CZ02" 14152.9033640133 14842.1310417637 15538.8941812721 16259.987277614 17015.9817568616 17759.8510806689 18442.0116295918 18923.3036112795 19105.8453726462 19112.0266828017 19175.302051232 19399.2017181754 19747.2075956724 20198.9293208561 20726.4233155515
"187" "FR43" 20143.4375033478 20543.3346491381 20888.2817943928 21164.395394714 21439.6668186012 21707.7841713996 21924.0888674781 22026.6768537819 21965.7898584593 21831.4013130539 21734.9582717556 21654.8835786658 21532.0067544048 21394.3759470067 21248.9182238004
"188" "BE32" 16261.2131591168 16657.6692377817 17055.0512109878 17441.2178952315 17826.259913251 18213.6730245474 18586.7514025017 18910.6015365673 19168.4496917974 19405.8258873943 19737.308191873 20116.542531765 20475.2055229024 20790.326976035 21090.9038182479
"189" "BE34" 17349.6389264481 17657.7903881301 17986.1596215805 18309.2379364666 18653.0111030031 19009.9868215699 19332.1910160666 19554.0517189413 19684.8464000717 19805.2042543049 20014.1790524764 20265.9918847329 20512.595192825 20743.3827169459 20977.7329664369
"190" "EE00" 8086.78464674922 9155.91811721036 10275.1660441916 11469.6959854595 12736.6489317097 14014.0145159647 15169.9185421731 16038.2444917292 16537.6888792799 16852.8291007951 17338.21233156 18083.9330907327 18981.9719244216 19910.8800842179 20848.0933138054
"191" "ES63" 16747.5316926569 17443.4177184379 18179.6986733938 18941.8226517495 19734.4859599867 20523.6932803074 21221.9315413156 21673.8967467663 21768.7758538037 21559.9323400897 21217.7255466774 20870.9256402057 20613.466699845 20479.9347023329 20422.7609524317
"192" "UKE3" 16112.7486957749 17224.3895812018 18317.9906753047 19339.6098537673 20248.4264842247 20933.282357709 21323.2710277764 21358.1608707498 21037.9968985078 20577.518383609 20201.3850948508 20009.853859653 20022.9598902596 20179.1617813698 20413.2445452413
"193" "CZ03" 13214.1688798096 13977.3590279525 14754.2821553259 15562.2937966877 16378.064341944 17120.2971735307 17711.2053791725 18069.7544988294 18209.1172117937 18307.3054775452 18492.8725016764 18813.2026133728 19252.8205415515 19810.1385969901 20427.1178038179
"194" "PL51" 9178.29980623937 9601.90322395877 10076.9786726799 10638.6936675709 11341.8991361716 12203.2550192098 13200.7173956265 14263.7215412888 15321.5879487635 16405.4416640113 17526.9536611908 18584.9242482187 19505.8411472212 20298.6042006095 21051.1786672395
"195" "UKK3" 15577.7363681078 16665.5219379511 17756.869688897 18780.8582919764 19641.4672679961 20309.738811047 20734.0803523406 20813.3411133209 20616.9174590572 20324.0711764877 20127.3572591014 20119.4793121491 20276.7637794257 20476.4204147818 20679.3767673603
"196" "BG41" 7191.12375037008 8271.78280483826 9385.86205924724 10571.2964647637 11900.2830430746 13401.6113815051 15024.025780488 16588.0127194156 17846.2145528018 18713.1916000543 19304.1098521324 19700.0246439866 19981.3337342264 20228.4309384232 20492.6966746725
"197" "LT00" 7430.85432431162 8393.21116125081 9382.63130630013 10411.2642817696 11462.0386009612 12516.0804920939 13512.5900072325 14356.1943197073 14965.506201691 15458.1473342033 16149.2584059933 17088.6765323376 18190.3574835538 19354.0687847857 20529.1207638083
"198" "ES62" 15813.4350311313 16651.083887725 17486.5831393376 18309.6097589522 19143.9874172578 19964.0022235109 20672.902300207 21115.6954140795 21189.7249638291 20965.8230819036 20660.4659065379 20383.5978828628 20203.4889109626 20127.0332296638 20112.5668520388
"199" "ITF2" 17797.2702296893 18031.8612849306 18250.8891034217 18529.6926428233 18935.4686042488 19466.6628659597 20036.0463295379 20465.7238380117 20636.0328216832 20608.7948967727 20520.0664280312 20424.4965967261 20341.5239556398 20286.6676020783 20268.8028004455
"200" "UKC1" 15821.3014086446 16621.4934397218 17466.277245416 18348.8056499884 19187.6271184339 19845.4812117491 20267.0871519813 20373.8871672977 20204.589541549 19898.0806118176 19640.5123885386 19522.3439842561 19595.552529348 19812.5401167111 20094.4204345467
"201" "PL41" 9537.67299543838 9980.54219182166 10465.3837089348 11037.2831168162 11714.8645920747 12462.7870126285 13259.3309216638 14088.7309403465 14909.728742376 15746.8690509965 16623.1399906717 17522.0306377062 18407.327669897 19255.2928630081 20089.01556562
"202" "ITG2" 16530.3343549265 16863.6538370395 17176.1198223641 17532.694200186 17954.1596882122 18440.0679321203 18949.3050274735 19386.3462006963 19663.7778738169 19776.3710767525 19836.6923796095 19881.0889802136 19908.0372956534 19903.0395061831 19898.3118247525
"203" "SK02" 8819.95374641049 9584.30648632381 10393.4666268115 11310.7525306359 12368.5279002699 13549.4360332843 14761.155763207 15823.45615824 16610.3213644727 17151.9825426756 17653.019435304 18165.6945779848 18685.7873966964 19198.5661849397 19723.5732527439
"204" "ES42" 14710.6959818841 15595.220457412 16478.0335758384 17358.188706876 18254.2538481033 19143.4868039985 19930.4647633436 20464.8070262805 20639.2585308163 20512.1950907532 20263.7111549628 19991.9499577962 19752.8609488103 19571.6815843149 19433.1915688099
"205" "HU22" 11696.0632406077 12377.4346995459 13059.436039987 13682.3075915062 14192.7799172811 14604.4143658482 14947.9274989791 15221.3295799095 15478.9624720386 15787.75530598 16266.0032168213 16857.960490693 17513.3208990344 18252.5045347738 19061.8001469942
"206" "CZ08" 10719.0748493533 11522.0692660012 12354.0117067526 13272.3191131508 14277.7665536586 15263.5580386348 16110.4549298528 16753.0493029044 17140.2604446049 17388.5197533052 17687.816956219 18069.9786200315 18456.7805984325 18838.8021659072 19245.5377011913
"207" "CZ07" 11361.1736368922 11968.2513713836 12581.5413239723 13228.3354933341 13906.8792663093 14594.8843508047 15252.9617721178 15810.5410594171 16204.5778583323 16498.3412449866 16818.3678381698 17227.4596574738 17705.4798683835 18259.898091188 18881.3071672349
"208" "PL22" 9631.02236800417 10153.30736383 10702.6287807751 11297.4938617461 11955.9892447255 12648.6025498164 13400.8631179659 14214.5238821503 15043.1996764715 15886.1815138874 16751.8484591203 17570.7905346707 18281.3020095796 18890.350667341 19471.8959699158
"209" "PT18" 14110.2505145468 14592.4845433523 15105.0784898304 15679.5947447172 16330.7831403759 17028.658350015 17658.309744383 18100.2413582258 18321.6276671882 18417.6045295986 18511.8473770355 18597.2149163416 18696.6702740339 18833.6221900147 19016.012160341
"210" "CZ05" 12658.5990759411 13204.9240088438 13757.8730895959 14355.2826246319 15009.7292260507 15676.9442860103 16279.1025205006 16726.0675597498 16963.0466307059 17107.0761507571 17297.1050763786 17574.9501799244 17918.8914215281 18343.2167325351 18827.1914168467
"211" "ITF5" 17032.9245059692 17072.1007118851 17106.008996846 17197.8453259951 17425.8442249805 17804.5849672908 18264.5117504179 18639.3351770871 18800.443969957 18788.933223352 18773.8269964037 18813.920032507 18876.1947556325 18925.4063845496 18978.1189771265
"212" "UKL1" 14138.8212008998 14830.9639649367 15564.8953368297 16329.4496900449 17087.0781441557 17699.5198683283 18062.5815286641 18136.1466123318 17982.0855619141 17768.4853620202 17650.2993073535 17723.5230346938 17964.1042916447 18296.2271402584 18665.8189559243
"213" "SI03" 12961.8918169015 13622.5876907339 14305.380873862 15012.7546450642 15762.3313433009 16489.6925643223 17120.4468889503 17565.8520877153 17749.8944289159 17714.0238468158 17683.7071670525 17738.1673997729 17879.2344083953 18102.6312723747 18391.4035658224
"214" "ES64" 16392.9375061779 17092.5720210547 17841.336534943 18625.5495234856 19408.9156167344 20103.0515209836 20618.14744385 20831.9053495929 20699.1236114555 20297.4957467465 19784.8554949413 19271.4372760362 18837.8986308366 18521.4671359824 18273.3065871795
"215" "ES61" 13973.0522354719 14854.2576858596 15739.7747785718 16625.2339261954 17515.901576746 18365.0067500476 19075.2342136452 19506.867655076 19572.153287694 19358.238500041 19052.7261546278 18753.9009539587 18503.6114157975 18319.0819052747 18184.9589609929
"216" "PT16" 13158.5684506568 13589.1608850548 14042.3823673477 14542.5962038216 15107.3845219871 15715.5140567432 16280.5700194711 16713.6553724729 16976.9818749355 17142.5764264501 17302.1488266182 17476.5966468091 17702.4736461335 17972.0781202125 18277.3125812858
"217" "EL62" 16911.7089943238 17993.2395047678 19056.89657612 20117.8884485257 21102.3199099512 21933.4335965984 22534.1009590773 22757.8440725419 22484.728858694 21681.5661876286 20589.6103120497 19453.0648946407 18549.795948157 17909.1791022116 17424.6226347122
"218" "EL53" 14864.173140289 16064.1047769623 17205.7687111894 18172.6404762101 18895.2726114738 19340.5951802365 19524.2946279181 19471.5621711009 19283.7018859002 19082.5679010552 18896.622043561 18741.1152762439 18631.8390349604 18498.0063113682 18327.735851531
"219" "PT11" 12445.8438781047 12781.1077662396 13125.0366338778 13505.3182179241 13977.634393863 14548.8161223112 15133.2728608672 15637.6034875596 15995.0832226786 16244.9707285044 16475.3113516891 16702.9551223238 16964.7022542293 17264.8801416548 17597.4638181727
"220" "PL63" 8931.92099643612 9358.22808854107 9811.42782121624 10309.0963408653 10882.9813424972 11531.3751065827 12239.2928987928 12970.7299677452 13683.394698251 14419.6786802819 15192.6303520894 15964.14956308 16681.3153063259 17312.9426448064 17910.8361924887
"221" "LV00" 6864.85444253305 7823.63661070712 8820.0420680759 9871.91224612097 10977.8818454317 12093.0796072183 13096.1731774217 13818.9374648278 14157.7596698355 14261.9969984707 14495.765109586 14989.2601422785 15681.3558181116 16464.6442358841 17282.7005634971
"222" "PL11" 8015.89538163673 8484.88476066 8983.33087862138 9527.10891275341 10134.7610997092 10804.4922501013 11528.9453985887 12284.0448198145 13025.0835246472 13773.9073527852 14564.3487799833 15354.4151055509 16107.8178239996 16811.5620129532 17499.4018981955
"223" "EL43" 15534.4297109853 16550.1916690265 17528.44487331 18423.6499030339 19217.7161576668 19840.7690521918 20284.0994163652 20436.4750315928 20221.2077726618 19603.7735093047 18738.2548676279 17842.1307122493 17158.7591289662 16748.7572896161 16471.3409054016
"224" "ES43" 11916.9628612437 12633.5385591219 13363.4001992011 14114.4675542228 14916.5163650564 15749.0075638955 16524.7594645249 17116.7491705058 17425.9922710758 17478.8244881911 17393.4227804363 17243.352188285 17103.2301073413 17024.7375830834 16995.038843815
"225" "CZ04" 11705.0550938771 12356.1044560624 13022.3450032274 13709.9912073817 14389.6823400186 15030.4590794503 15587.0129295861 15993.1619416231 16200.8020980248 16290.9234705949 16360.3877954531 16475.509053424 16628.9391780597 16817.2486543642 17032.3776988524
"226" "ITF4" 15331.3269490035 15461.3832700882 15570.4272793324 15707.6253416813 15910.875457387 16184.8555720328 16484.5035580198 16719.180396224 16832.7264982381 16877.9134122593 16950.2764467662 17052.8847642764 17148.7632958246 17208.4754101613 17258.7823487052
"227" "ITG1" 14952.7023835001 15231.157199803 15485.179634746 15765.3521550004 16108.6284856785 16525.5060070924 16945.1015418455 17260.4509514065 17405.3738505491 17400.0177018215 17343.6701516844 17271.6160143069 17196.1528795885 17102.1197751399 17006.9712678373
"228" "EL64" 18180.875516025 18874.8813496476 19523.9471007062 20087.1516706932 20551.7424249881 20907.0224616592 21118.016090777 21100.6240285465 20783.8644166481 20160.6555521952 19386.4974256371 18607.1851390721 17938.6742064965 17367.7705196551 16811.0920972532
"229" "HU21" 10098.968852887 10804.5701385607 11510.3364077725 12215.7014218906 12870.44511704 13405.8352018429 13789.8681661951 14037.6068676976 14165.7352573602 14264.9201873611 14511.3108687008 14894.6692824022 15370.9476704958 15928.9511898279 16530.1333699656
"230" "ITF3" 15474.4908087244 15717.3090124358 15932.2086867513 16152.5018602853 16422.3471717719 16761.5029622996 17122.1520254734 17398.6366809304 17497.7549242319 17438.5228819903 17320.315892941 17188.3456347007 17052.573242016 16892.8245480808 16728.513667367
"231" "SK03" 8030.14054298682 8621.66236869613 9208.36170752754 9813.9500936118 10492.8011878752 11281.0566362662 12184.0098946732 13097.985357182 13857.8658347307 14394.8564811082 14838.9039165467 15240.7777243007 15661.0228609777 16105.6598472966 16570.9455462203
"232" "PL21" 8020.94545866456 8375.33360279513 8774.37047353938 9234.65142106374 9776.87251976838 10400.1856166832 11091.4429556753 11805.4670819423 12498.4496677739 13189.7076523489 13914.8060280024 14646.9565626936 15341.0020599014 15992.2722730737 16637.5366260742
"233" "HR04" 9807.95808760723 10583.692409546 11358.1534374676 12132.6770918276 12931.2947430865 13740.8094270127 14511.0170204805 15153.1838920424 15560.8136869737 15730.9006278233 15826.708747224 15942.557977357 16072.4948508477 16203.7566239443 16343.9813767594
"234" "ITF6" 13961.3820677971 14193.4316753795 14415.6601521144 14683.2972990934 15033.0672930702 15456.366742943 15891.3014907193 16250.9586995355 16465.8172940127 16538.2028068466 16539.9100036908 16488.6212011035 16379.6331150522 16226.0630693281 16076.2870893137
"235" "EL65" 14172.8097433393 14913.0601456925 15625.6609891113 16280.8730913508 16892.851511908 17462.8116156639 17977.1125255943 18300.0635061685 18315.6358177609 18003.790559759 17485.9871007085 16915.0783195935 16430.159159285 16039.9120315189 15684.1938825456
"236" "RO42" 4939.297390221 5719.61108968498 6525.63720671361 7395.95038452192 8365.02331325078 9435.97662151755 10601.5272078195 11752.635711211 12764.0184174954 13549.9698986822 14190.5417799817 14709.7905028152 15133.2858238066 15485.0310191297 15831.7036331489
"237" "EL41" 12252.0576287814 13190.9679325778 14153.5490157692 15148.9167885381 16113.619318544 17008.3779872802 17775.7350852731 18276.8924250842 18376.9342056312 18024.6418378186 17380.4872596496 16648.9997150766 16021.8304865081 15554.7909019402 15172.1994115279
"238" "PL42" 8909.83425179257 9128.82789883672 9378.24806559407 9683.90880796392 10091.1044913505 10599.7040718839 11178.9997870781 11782.3312229455 12350.3979995663 12890.7267413491 13450.780392772 14015.5056196974 14561.7242251441 15079.7771129791 15598.1293110467
"239" "PL43" 7961.23595308367 8336.04033084246 8749.04695610786 9232.69162345168 9811.5626144685 10441.0175510006 11074.5640365753 11675.1468665599 12209.7805904695 12729.4562591697 13283.6000290511 13852.9250550369 14420.7684874022 14977.9994676164 15544.1641791642
"240" "HR03" 9250.2070254309 10093.9246922184 10945.6092349369 11814.1995787626 12669.3371712817 13462.3915274784 14165.6382149317 14709.3701568243 14981.3781619497 15011.9538140094 14994.3681907932 15039.9797598493 15149.0480781987 15283.435941287 15429.1584520477
"241" "EL52" 13999.7339024938 14807.762379909 15583.8334329253 16310.7476563582 16989.8922957551 17588.9349716462 18109.1605372409 18409.6242502853 18363.9156825667 17940.0845258269 17271.9539625971 16534.9336512761 15892.9206162472 15376.2224976896 14920.2796371827
"242" "EL61" 13132.4531117942 14129.1754382436 15088.7052668059 15937.1820294751 16602.5523155562 17070.8135896381 17391.5549458209 17475.0353038624 17264.8647921892 16756.6478906099 16095.6107121828 15481.9157074685 15068.4276130786 14834.9046524295 14670.1566308451
"243" "PL61" 8173.79448219705 8499.67286589153 8845.74413243448 9232.25350613173 9688.12715009959 10205.1306664733 10776.9293133721 11364.3674422797 11915.98071454 12450.0060007323 13014.1232571095 13584.0114798074 14133.0899438242 14653.3360873888 15163.4329577185
"244" "PL52" 7381.15806809043 7705.67175964995 8081.200160315 8541.85049764712 9108.73797355745 9732.28171033359 10409.5027544939 11116.2570789035 11778.8802157084 12385.1065644299 12974.0496900762 13539.2061073466 14062.2243805282 14550.4800967326 15033.3929421872
"245" "EL63" 12612.2837661504 13607.5780901885 14584.9070116425 15493.0926334982 16315.3719368785 17004.0870815468 17525.1207173657 17747.7015611505 17617.0390149377 17166.71023098 16539.5661191401 15851.7839523235 15261.2104243738 14789.4067967624 14384.1406630613
"246" "SK04" 7329.49596191609 7852.93336269764 8371.65140957261 8904.4614106028 9490.71044831842 10137.0317795532 10819.5449894099 11476.4445782628 12010.7978481807 12393.4409687101 12753.4824536888 13125.080261961 13533.8351597806 13969.3350714877 14431.7542958576
"247" "RO12" 5011.07281185991 5613.36197400275 6229.87948624802 6872.71578285766 7581.18058029399 8382.94906976207 9292.70754961991 10215.8704670636 11027.0190613501 11678.1952970061 12245.1180887423 12774.9951037485 13291.8151150155 13759.5676789347 14223.5519334948
"248" "EL54" 13141.6930458096 13879.8760660663 14579.3881989935 15156.778386691 15595.8934594198 15919.49570557 16151.0044600249 16230.7197447765 16106.7808682127 15770.4119795573 15307.7522891199 14793.675090481 14333.8133109621 13970.8118634076 13661.9055309077
"249" "EL51" 13092.1333338058 13740.9087109629 14358.942754711 14908.9487378871 15392.2090925747 15808.5744527949 16175.1419977571 16443.6369942235 16505.7619893152 16278.2376110775 15804.8625692653 15164.9175558609 14532.9052517644 13960.941528938 13431.8774190618
"250" "RO22" 4391.5643623207 4891.82166400967 5409.42866772732 5963.04360926081 6569.81613756089 7204.8089240966 7879.91405832725 8558.25420185667 9206.16576695634 9812.66449360069 10461.7795990511 11187.5139815929 11997.9858036631 12823.3109906441 13641.9277393319
"251" "PL33" 7026.14191629937 7381.44450724358 7764.5643915799 8190.28774154144 8679.07042670856 9236.92227801496 9873.201858121 10543.3601652046 11159.1359001444 11689.3301373862 12173.2822073528 12604.0386184851 12962.9207260476 13262.6037063472 13553.6954195231
"252" "PL34" 6772.01011798284 7095.21153756057 7422.89133826105 7776.29405519732 8189.00160936068 8666.38887291084 9199.59046050979 9769.11876715382 10323.5517141576 10880.4082200913 11453.4389292597 12011.5291707531 12531.0140449803 13018.3839850293 13491.1671767918
"253" "PL62" 6911.71980134196 7203.83212399895 7526.06927844122 7891.94295661424 8310.79376591286 8777.25144067366 9284.21871268717 9812.23808323613 10328.3770595733 10845.7450556338 11388.9111558207 11927.1252356361 12431.4113856504 12900.4536587325 13359.910286047
"254" "PL32" 6616.06277798503 6935.67190488749 7268.71098731234 7622.90247599999 8010.97506372084 8441.99304708533 8923.26471250855 9439.37945887193 9955.20433105553 10477.3056605199 11035.4170857568 11614.9033395746 12179.4624210607 12722.4077949707 13256.3389386902
"255" "RO11" 4309.86303709748 4972.36073833995 5649.28035364682 6359.46607894811 7129.87725359034 7961.95864428832 8852.37465718243 9707.8763153269 10410.8346966268 10938.3606685348 11377.8315470434 11794.4869411796 12225.1134124431 12643.3796117454 13066.9360440065
"256" "HU33" 8008.12153931938 8471.23138336887 8901.04178112726 9284.85626496443 9625.8116822699 9913.46787803888 10149.2548281034 10348.4476478092 10534.4406800057 10722.8766438925 10987.8877498686 11351.94594531 11791.4611376138 12290.5318829275 12818.6229553804
"257" "PL31" 6541.15309881264 6817.02295191925 7102.30830921583 7419.70100258529 7791.52353443599 8220.94624676264 8712.4957160502 9251.34711930161 9788.67631895177 10331.4436383473 10920.4211898026 11527.3501034965 12104.7041192393 12632.5809602819 13138.325690797
"258" "HU23" 8031.08467029287 8524.31105930147 8980.56390106321 9374.979878843 9717.80545173562 10023.290298221 10302.8352245013 10564.1145890634 10798.349114474 11002.5011890495 11221.7973427906 11469.0639154501 11737.639671934 12025.8131506768 12325.850542603
"259" "RO31" 3924.20932161866 4453.31101796104 4994.53922284442 5583.49068193607 6256.63586524812 7005.08673368294 7826.8935097032 8655.29253838231 9403.21720324115 9990.75408165944 10449.4749984983 10828.4311255534 11168.7576348606 11507.0407183673 11852.865346443
"260" "HU32" 7199.95607249005 7753.41915568157 8258.88926727469 8691.82637076194 9050.26814687191 9349.56005701129 9613.00465908726 9855.97490188518 10091.7629887365 10324.7051386709 10576.4554925204 10848.7153689295 11114.9532077398 11388.8429897637 11681.6661825755
"261" "HU31" 6996.15612800756 7569.97960178326 8112.41809507774 8612.88989112448 9058.82637794452 9419.59656097895 9671.15722519777 9818.32970581435 9886.55018201039 9930.32208003732 10038.3007970249 10230.2901972969 10503.9660176531 10868.1575633258 11283.0595767229
"262" "RO41" 3988.98333908685 4468.24365474588 4949.26663615102 5470.89596428902 6032.09265836249 6636.47438328778 7314.52397864326 8010.88838268124 8651.89069707111 9194.11188225327 9681.83038713674 10128.26675947 10533.5486850597 10893.2811681972 11245.7014235644
"263" "BG33" 5058.81355791783 5472.63187085534 5925.040014526 6427.00672032609 6985.49431732776 7587.14405935096 8188.9181094432 8717.83558115585 9102.68869052936 9333.41596061925 9527.52572399633 9749.17975953233 10010.1357302596 10298.2825376852 10615.8873664749
"264" "BG34" 5407.555304914 5760.86433506028 6160.96451642032 6628.90870659823 7143.99544057089 7664.89786025944 8143.24983709368 8568.30158486192 8922.38334341746 9192.8970990357 9443.66350304524 9723.63967092898 10042.7965576826 10375.3227709531 10720.5594691582
"265" "RO21" 3425.6163608438 3824.96705663028 4220.21913468176 4619.27924820238 5042.8189888472 5508.42526855891 6026.83396106464 6559.43289712211 7047.31647371868 7454.06982430218 7831.70744652544 8223.59266615295 8652.01561750515 9071.49160831798 9492.21344752655
"266" "BG32" 4641.20117245038 5071.84529748097 5479.8972349195 5847.26954957696 6207.0912486772 6568.92821151178 6909.21171758389 7209.34453255485 7433.25554727256 7591.37852737612 7768.82635094104 8020.09133166265 8340.65356708571 8706.77854168897 9104.22716921743
"267" "BG42" 4070.34290923023 4541.67577424458 5017.75377378208 5512.65391848678 6021.61261519757 6521.84164379546 6987.09476572986 7387.63107944288 7695.77452085989 7917.82805319536 8108.7707163262 8288.72906161806 8460.4263258244 8612.38909583978 8755.47574642686
"268" "BG31" 4918.43766249093 5207.974488152 5494.56128781453 5773.97211737563 6058.85122668213 6350.00732680072 6622.83293252897 6860.71938637633 7027.40476164761 7124.91202982741 7230.87940053671 7386.95915862411 7581.86288485233 7806.38869460424 8054.23664168634
